time (24.06.2024);target (PCB) temperature (C);chiller setpoint (C);chiller temperature (internal) (C);housing temperature (C);sensor box temperature (C);PCB temperature (C);Pt1000 temperature (C);housing humidity (%);sensor box humidity (%)
10:09:16;-18.10;-30.00;-30.04;20.00;-18.80;-18.00;-20.59;16.70;4.70
10:09:18;-18.10;-30.00;-30.03;20.00;-18.80;-18.00;-20.59;16.70;4.70
10:09:20;-18.10;-30.00;-30.03;20.00;-18.80;-18.00;-20.59;16.70;4.70
10:09:22;-18.10;-30.00;-30.03;20.00;-18.80;-18.00;-20.58;16.70;4.70
10:09:25;-18.10;-30.00;-30.04;20.00;-18.80;-18.00;-20.58;16.70;4.70
10:09:26;-18.10;-30.00;-30.05;20.00;-18.80;-18.00;-20.58;16.70;4.70
10:09:28;-18.10;-30.00;-30.05;20.00;-18.80;-18.00;-20.57;16.60;4.70
10:09:30;-18.10;-30.00;-30.05;20.00;-18.80;-18.00;-20.57;16.60;4.70
10:09:32;-18.10;-30.00;-30.04;20.00;-18.80;-18.00;-20.57;16.60;4.70
10:09:35;-18.10;-30.00;-30.04;20.00;-18.80;-18.00;-20.56;16.60;4.60
10:09:37;-18.10;-30.00;-30.03;20.00;-18.80;-18.00;-20.57;16.60;4.70
10:09:39;-18.10;-30.00;-30.03;20.00;-18.80;-18.00;-20.56;16.60;4.70
10:09:41;-18.10;-30.00;-30.03;19.90;-18.80;-18.00;-20.56;16.50;4.70
10:09:42;-18.10;-30.00;-30.04;20.00;-18.80;-18.00;-20.56;16.50;4.70
10:09:45;-18.10;-30.00;-30.04;20.00;-18.80;-18.00;-20.56;16.50;4.70
10:09:47;-18.10;-30.00;-30.04;19.90;-18.80;-18.00;-20.56;16.50;4.70
10:09:49;-18.10;-30.00;-30.03;19.90;-18.80;-18.00;-20.56;16.50;4.60
10:09:51;-18.10;-30.00;-30.03;19.90;-18.70;-18.00;-20.56;16.50;4.70
10:09:53;-18.10;-30.00;-30.02;19.90;-18.70;-18.00;-20.56;16.50;4.70
10:09:55;-18.10;-30.00;-30.02;19.90;-18.70;-18.00;-20.56;16.50;4.70
10:09:57;-18.10;-30.00;-30.02;19.90;-18.70;-18.00;-20.55;16.50;4.70
10:10:00;-18.10;-30.00;-30.02;19.90;-18.70;-18.00;-20.53;16.50;4.70
10:10:02;-18.10;-30.00;-30.02;19.90;-18.70;-18.00;-20.52;16.40;4.70
10:10:04;-18.10;-30.00;-30.02;19.90;-18.70;-18.00;-20.52;16.50;4.70
10:10:06;-18.10;-30.00;-30.02;19.90;-18.70;-18.00;-20.52;16.40;4.70
10:10:08;-18.10;-30.00;-30.02;19.90;-18.70;-18.00;-20.52;16.50;4.70
10:10:10;-18.10;-30.00;-30.02;19.90;-18.70;-18.00;-20.53;16.40;4.70
10:10:12;-18.10;-30.00;-30.03;19.90;-18.70;-18.00;-20.52;16.40;4.70
10:10:14;-18.10;-30.00;-30.03;19.90;-18.70;-18.00;-20.52;16.40;4.70
10:10:16;-18.10;-30.00;-30.02;19.90;-18.70;-18.00;-20.51;16.40;4.70
10:10:18;-18.10;-30.00;-30.02;19.90;-18.70;-18.00;-20.52;16.30;4.70
10:10:20;-18.10;-30.00;-30.02;19.90;-18.70;-18.00;-20.52;16.30;4.70
10:10:22;-18.10;-30.00;-30.03;19.90;-18.70;-18.00;-20.52;16.30;4.70
10:10:24;-18.10;-30.00;-30.02;19.90;-18.70;-18.00;-20.51;16.20;4.70
10:10:27;-18.10;-30.00;-30.02;19.80;-18.70;-18.00;-20.51;16.20;4.70
10:10:28;-18.10;-30.00;-30.02;19.90;-18.70;-18.00;-20.50;16.30;4.80
10:10:30;-18.10;-30.00;-30.02;19.80;-18.70;-18.00;-20.50;16.20;4.70
10:10:32;-18.10;-30.00;-30.02;19.80;-18.70;-18.00;-20.49;16.30;4.70
10:10:34;-18.10;-30.00;-30.02;19.80;-18.70;-18.00;-20.50;16.30;4.70
10:10:36;-18.10;-30.00;-30.02;19.80;-18.70;-18.00;-20.50;16.30;4.70
10:10:38;-18.10;-30.00;-30.02;19.80;-18.70;-18.00;-20.50;16.30;4.70
10:10:40;-18.10;-30.00;-30.02;19.80;-18.70;-18.00;-20.50;16.20;4.70
10:10:42;-18.10;-30.00;-30.02;19.70;-18.70;-18.00;-20.50;16.20;4.70
10:10:44;-18.10;-30.00;-30.03;19.80;-18.70;-18.00;-20.49;16.20;4.70
10:10:46;-18.10;-30.00;-30.04;19.80;-18.70;-18.00;-20.50;16.20;4.70
10:10:48;-18.10;-30.00;-30.03;19.70;-18.70;-18.00;-20.49;16.20;4.70
10:10:50;-18.10;-30.00;-30.03;19.80;-18.70;-18.00;-20.49;16.20;4.70
10:10:52;-18.10;-30.00;-30.03;19.70;-18.70;-18.00;-20.50;16.20;4.70
10:10:54;-18.10;-30.00;-30.04;19.70;-18.70;-18.00;-20.50;16.20;4.70
10:10:56;-18.10;-30.00;-30.02;19.70;-18.70;-18.00;-20.50;16.20;4.70
10:10:58;-18.10;-30.00;-30.02;19.70;-18.70;-18.00;-20.50;16.20;4.70
10:11:00;-18.10;-30.00;-30.02;19.70;-18.70;-18.00;-20.50;16.20;4.70
10:11:02;-18.10;-30.00;-30.02;19.70;-18.70;-18.00;-20.49;16.20;4.70
10:11:04;-18.10;-30.00;-30.03;19.70;-18.70;-18.00;-20.49;16.20;4.70
10:11:06;-18.10;-30.00;-30.04;19.70;-18.70;-18.00;-20.50;16.20;4.70
10:11:08;-18.10;-30.00;-30.03;19.70;-18.70;-18.00;-20.50;16.20;4.70
10:11:10;-18.10;-30.00;-30.03;19.70;-18.70;-18.00;-20.49;16.20;4.70
10:11:12;-18.10;-30.00;-30.02;19.70;-18.70;-18.00;-20.49;16.20;4.70
10:11:14;-18.10;-30.00;-30.02;19.70;-18.70;-18.00;-20.49;16.20;4.70
10:11:16;-18.10;-30.00;-30.02;19.70;-18.70;-18.00;-20.49;16.10;4.70
10:11:18;-18.10;-30.00;-30.03;19.70;-18.60;-18.00;-20.48;16.10;4.70
10:11:20;-18.10;-30.00;-30.02;19.70;-18.60;-18.00;-20.49;16.10;4.70
10:11:22;-18.10;-30.00;-30.02;19.70;-18.70;-18.00;-20.49;16.00;4.80
10:11:24;-18.10;-30.00;-30.02;19.70;-18.70;-18.00;-20.50;16.00;4.70
10:11:26;-18.10;-30.00;-30.02;19.70;-18.70;-18.00;-20.49;16.10;4.70
10:11:28;-18.10;-30.00;-30.02;19.70;-18.70;-18.00;-20.49;16.00;4.70
10:11:30;-18.10;-30.00;-30.02;19.70;-18.60;-18.00;-20.49;16.00;4.70
10:11:32;-18.10;-30.00;-30.01;19.70;-18.60;-18.00;-20.49;16.00;4.70
10:11:34;-18.10;-30.00;-30.00;19.70;-18.70;-18.00;-20.49;16.00;4.80
10:11:36;-18.10;-30.00;-30.00;19.70;-18.70;-18.00;-20.49;16.10;4.80
10:11:38;-18.10;-30.00;-30.01;19.70;-18.70;-18.00;-20.49;16.10;4.70
10:11:40;-18.10;-30.00;-30.02;19.70;-18.70;-18.00;-20.50;16.10;4.80
10:11:42;-18.10;-30.00;-30.03;19.70;-18.60;-18.00;-20.49;16.00;4.70
10:11:44;-18.10;-30.00;-30.02;19.60;-18.70;-18.00;-20.49;16.00;4.70
10:11:46;-18.10;-30.00;-30.02;19.60;-18.70;-18.00;-20.49;16.00;4.70
10:11:48;-18.10;-30.00;-30.01;19.70;-18.70;-18.00;-20.50;16.00;4.70
10:11:50;-18.10;-30.00;-30.02;19.60;-18.70;-18.00;-20.50;16.10;4.70
10:11:52;-18.10;-30.00;-30.03;19.60;-18.60;-18.10;-20.50;16.10;4.70
10:11:54;-18.10;-30.00;-30.03;19.60;-18.60;-18.10;-20.50;16.00;4.70
10:11:56;-18.10;-30.00;-30.03;19.60;-18.60;-18.10;-20.50;16.10;4.70
10:11:58;-18.10;-30.00;-30.02;19.60;-18.70;-18.00;-20.49;16.00;4.70
10:12:00;-18.10;-30.00;-30.02;19.60;-18.60;-18.00;-20.50;16.10;4.70
10:12:02;-18.10;-30.00;-30.02;19.60;-18.70;-18.00;-20.49;16.10;4.70
10:12:04;-18.10;-30.00;-30.02;19.50;-18.60;-18.00;-20.50;16.10;4.70
10:12:06;-18.10;-30.00;-30.02;19.60;-18.60;-18.00;-20.49;16.10;4.80
10:12:08;-18.10;-30.00;-30.02;19.50;-18.70;-18.00;-20.49;16.00;4.80
10:12:10;-18.10;-30.00;-30.02;19.50;-18.60;-18.00;-20.49;16.00;4.70
10:12:12;-18.10;-30.00;-30.02;19.50;-18.70;-18.00;-20.49;16.00;4.70
10:12:14;-18.10;-30.00;-30.02;19.50;-18.70;-18.00;-20.50;16.00;4.70
10:12:16;-18.10;-30.00;-30.00;19.50;-18.60;-18.00;-20.50;16.00;4.70
10:12:18;-18.10;-30.00;-29.98;19.50;-18.60;-18.10;-20.50;15.90;4.70
10:12:20;-18.10;-30.00;-29.99;19.50;-18.70;-18.10;-20.50;15.90;4.70
10:12:22;-18.10;-30.00;-30.00;19.50;-18.60;-18.10;-20.51;15.90;4.70
10:12:25;-18.10;-30.00;-30.00;19.50;-18.60;-18.00;-20.51;15.90;4.70
10:12:27;-18.10;-30.00;-30.01;19.50;-18.70;-18.10;-20.51;15.90;4.80
10:12:28;-18.10;-30.00;-30.02;19.50;-18.60;-18.10;-20.51;15.90;4.80
10:12:30;-18.10;-30.00;-30.02;19.50;-18.70;-18.10;-20.50;15.90;4.80
10:12:32;-18.10;-30.00;-30.02;19.50;-18.70;-18.10;-20.51;15.90;4.80
10:12:34;-18.10;-30.00;-30.01;19.50;-18.70;-18.10;-20.51;15.90;4.80
10:12:36;-18.10;-30.00;-30.01;19.50;-18.70;-18.10;-20.51;15.90;4.70
10:12:39;-18.10;-30.00;-30.01;19.50;-18.70;-18.00;-20.51;15.90;4.70
10:12:41;-18.10;-30.00;-30.02;19.50;-18.70;-18.00;-20.50;16.00;4.70
10:12:43;-18.10;-30.00;-30.02;19.50;-18.60;-18.10;-20.51;15.90;4.70
10:12:45;-18.10;-30.00;-30.02;19.50;-18.70;-18.10;-20.50;15.90;4.80
10:12:47;-18.10;-30.00;-30.01;19.50;-18.70;-18.00;-20.50;15.90;4.80
10:12:49;-18.10;-30.00;-30.02;19.50;-18.70;-18.10;-20.49;16.00;4.70
10:12:51;-18.10;-30.00;-30.02;19.50;-18.70;-18.10;-20.49;16.00;4.70
10:12:53;-18.10;-30.00;-30.02;19.50;-18.70;-18.10;-20.49;15.90;4.70
10:12:55;-18.10;-30.00;-30.02;19.50;-18.70;-18.10;-20.49;15.90;4.70
10:12:57;-18.10;-30.00;-30.02;19.50;-18.70;-18.10;-20.49;15.90;4.80
10:12:59;-18.10;-30.00;-30.03;19.50;-18.70;-18.00;-20.49;15.90;4.80
10:13:01;-18.10;-30.00;-30.03;19.50;-18.70;-18.00;-20.48;15.90;4.70
10:13:03;-18.10;-30.00;-30.01;19.50;-18.70;-18.00;-20.48;15.90;4.70
10:13:05;-18.10;-30.00;-30.01;19.50;-18.70;-18.00;-20.48;15.80;4.80
10:13:07;-18.10;-30.00;-30.01;19.50;-18.70;-18.00;-20.48;15.80;4.80
10:13:09;-18.10;-30.00;-30.01;19.50;-18.70;-18.00;-20.48;15.80;4.70
10:13:11;-18.10;-30.00;-30.02;19.40;-18.70;-18.10;-20.48;15.80;4.80
10:13:13;-18.10;-30.00;-30.02;19.40;-18.70;-18.10;-20.49;15.80;4.80
10:13:15;-18.10;-30.00;-30.02;19.40;-18.70;-18.10;-20.49;15.70;4.70
10:13:17;-18.10;-30.00;-30.01;19.40;-18.70;-18.10;-20.50;15.70;4.70
10:13:19;-18.10;-30.00;-30.01;19.40;-18.70;-18.10;-20.50;15.60;4.80
10:13:21;-18.10;-30.00;-30.01;19.40;-18.70;-18.10;-20.50;15.60;4.80
10:13:23;-18.10;-30.00;-30.00;19.40;-18.70;-18.10;-20.49;15.70;4.80
10:13:25;-18.10;-30.00;-30.00;19.40;-18.70;-18.10;-20.49;15.60;4.80
10:13:27;-18.10;-30.00;-30.00;19.40;-18.70;-18.10;-20.49;15.60;4.70
10:13:29;-18.10;-30.00;-30.02;19.40;-18.70;-18.10;-20.48;15.70;4.70
10:13:31;-18.10;-30.00;-30.02;19.40;-18.70;-18.10;-20.48;15.70;4.80
10:13:33;-18.10;-30.00;-30.03;19.40;-18.70;-18.10;-20.48;15.60;4.70
10:13:35;-18.10;-30.00;-30.02;19.40;-18.70;-18.10;-20.48;15.60;4.80
10:13:37;-18.10;-30.00;-30.00;19.40;-18.70;-18.10;-20.48;15.60;4.70
10:13:39;-18.10;-30.00;-30.00;19.40;-18.70;-18.10;-20.48;15.60;4.80
10:13:41;-18.10;-30.00;-30.01;19.40;-18.70;-18.10;-20.48;15.60;4.70
10:13:43;-18.10;-30.00;-30.02;19.40;-18.70;-18.10;-20.48;15.60;4.80
10:13:45;-18.10;-30.00;-30.03;19.40;-18.70;-18.10;-20.49;15.50;4.80
10:13:47;-18.10;-30.00;-30.00;19.40;-18.70;-18.10;-20.49;15.50;4.80
10:13:49;-18.10;-30.00;-29.99;19.40;-18.70;-18.10;-20.50;15.60;4.80
10:13:51;-18.10;-30.00;-29.98;19.40;-18.70;-18.10;-20.50;15.60;4.80
10:13:53;-18.10;-30.00;-29.99;19.40;-18.70;-18.10;-20.50;15.50;4.80
10:13:55;-18.10;-30.00;-30.00;19.30;-18.70;-18.10;-20.50;15.50;4.80
10:13:57;-18.10;-30.00;-30.02;19.40;-18.70;-18.10;-20.50;15.50;4.80
10:13:59;-18.10;-30.00;-30.00;19.30;-18.70;-18.20;-20.50;15.50;4.80
10:14:01;-18.10;-30.00;-30.00;19.30;-18.70;-18.20;-20.51;15.40;4.70
10:14:03;-18.10;-30.00;-30.01;19.30;-18.70;-18.20;-20.50;15.40;4.80
10:14:05;-18.10;-30.00;-30.02;19.30;-18.70;-18.20;-20.50;15.30;4.80
10:14:07;-18.10;-30.00;-30.02;19.30;-18.70;-18.20;-20.50;15.30;4.70
10:14:09;-18.10;-30.00;-30.02;19.30;-18.70;-18.10;-20.50;15.30;4.70
10:14:11;-18.10;-30.00;-30.01;19.30;-18.70;-18.10;-20.50;15.20;4.80
10:14:13;-18.10;-30.00;-30.02;19.30;-18.70;-18.10;-20.50;15.20;4.80
10:14:15;-18.10;-30.00;-30.02;19.30;-18.70;-18.10;-20.49;15.20;4.80
10:14:17;-18.10;-30.00;-30.02;19.30;-18.70;-18.10;-20.49;15.20;4.80
10:14:19;-18.10;-30.00;-30.01;19.30;-18.70;-18.10;-20.49;15.10;4.80
10:14:21;-18.10;-30.00;-30.00;19.30;-18.70;-18.10;-20.49;15.20;4.80
10:14:23;-18.10;-30.00;-30.00;19.30;-18.70;-18.10;-20.49;15.10;4.80
10:14:25;-18.10;-30.00;-30.00;19.30;-18.70;-18.20;-20.50;15.20;4.80
10:14:27;-18.10;-30.00;-30.01;19.30;-18.70;-18.10;-20.49;15.10;4.80
10:14:29;-18.10;-30.00;-30.02;19.30;-18.70;-18.10;-20.49;15.10;4.80
10:14:31;-18.10;-30.00;-30.01;19.30;-18.70;-18.10;-20.49;15.10;4.80
10:14:33;-18.10;-30.00;-30.02;19.30;-18.70;-18.10;-20.49;15.10;4.70
10:14:35;-18.10;-30.00;-30.02;19.30;-18.70;-18.10;-20.50;15.10;4.70
10:14:37;-18.10;-30.00;-30.02;19.30;-18.70;-18.10;-20.50;15.10;4.70
10:14:39;-18.10;-30.00;-30.03;19.20;-18.70;-18.10;-20.51;15.10;4.80
10:14:41;-18.10;-30.00;-30.03;19.20;-18.70;-18.20;-20.51;15.10;4.80
10:14:43;-18.10;-30.00;-30.02;19.20;-18.70;-18.20;-20.51;15.10;4.80
10:14:45;-18.10;-30.00;-30.02;19.20;-18.70;-18.10;-20.51;15.10;4.80
10:14:47;-18.10;-30.00;-30.03;19.20;-18.70;-18.20;-20.51;15.10;4.80
10:14:49;-18.10;-30.00;-30.03;19.20;-18.70;-18.10;-20.51;15.10;4.80
10:14:51;-18.10;-30.00;-30.03;19.30;-18.70;-18.10;-20.52;15.10;4.80
10:14:53;-18.10;-30.00;-30.03;19.20;-18.70;-18.20;-20.51;15.10;4.80
10:14:55;-18.10;-30.00;-30.03;19.20;-18.70;-18.20;-20.51;15.10;4.70
10:14:57;-18.10;-30.00;-30.02;19.20;-18.70;-18.20;-20.52;15.10;4.80
10:14:59;-18.10;-30.00;-30.02;19.20;-18.70;-18.10;-20.51;15.00;4.80
10:15:01;-18.10;-30.00;-30.02;19.20;-18.70;-18.20;-20.51;15.10;4.80
10:15:03;-18.10;-30.00;-30.00;19.20;-18.70;-18.20;-20.51;15.10;4.80
10:15:05;-18.10;-30.00;-30.00;19.20;-18.70;-18.20;-20.51;15.10;4.80
10:15:07;-18.10;-30.00;-29.99;19.20;-18.70;-18.20;-20.51;15.00;4.80
10:15:09;-18.10;-30.00;-29.99;19.20;-18.70;-18.20;-20.51;15.00;4.80
10:15:11;-18.10;-30.00;-29.98;19.20;-18.70;-18.20;-20.50;15.00;4.80
10:15:13;-18.10;-30.00;-29.99;19.20;-18.70;-18.10;-20.51;15.00;4.80
10:15:15;-18.10;-30.00;-29.99;19.20;-18.70;-18.20;-20.50;15.00;4.80
10:15:17;-18.10;-30.00;-29.99;19.20;-18.70;-18.10;-20.50;15.00;4.80
10:15:19;-18.10;-30.00;-29.99;19.20;-18.70;-18.10;-20.49;15.00;4.80
10:15:21;-18.10;-30.00;-29.99;19.10;-18.70;-18.10;-20.49;15.00;4.80
10:15:23;-18.10;-30.00;-30.01;19.10;-18.70;-18.10;-20.49;15.00;4.80
10:15:26;-18.10;-30.00;-30.00;19.20;-18.70;-18.10;-20.50;15.00;4.80
10:15:27;-18.10;-30.00;-30.00;19.10;-18.70;-18.10;-20.50;15.00;4.80
10:15:29;-18.10;-30.00;-30.01;19.10;-18.70;-18.20;-20.50;14.90;4.90
10:15:31;-18.10;-30.00;-30.00;19.10;-18.70;-18.10;-20.50;14.90;4.80
10:15:33;-18.10;-30.00;-30.01;19.10;-18.70;-18.10;-20.51;14.90;4.80
10:15:35;-18.10;-30.00;-30.02;19.10;-18.70;-18.10;-20.52;14.80;4.80
10:15:37;-18.10;-30.00;-30.03;19.10;-18.70;-18.10;-20.51;14.80;4.80
10:15:39;-18.10;-30.00;-30.03;19.10;-18.70;-18.10;-20.51;14.70;4.80
10:15:41;-18.10;-30.00;-30.03;19.10;-18.70;-18.10;-20.52;14.70;4.80
10:15:43;-18.10;-30.00;-30.03;19.10;-18.70;-18.20;-20.52;14.70;4.80
10:15:45;-18.10;-30.00;-30.03;19.10;-18.70;-18.20;-20.52;14.70;4.80
10:15:47;-18.10;-30.00;-30.03;19.10;-18.70;-18.10;-20.53;14.70;4.80
10:15:49;-18.10;-30.00;-30.02;19.10;-18.70;-18.20;-20.53;14.70;4.80
10:15:51;-18.10;-30.00;-30.01;19.10;-18.70;-18.20;-20.53;14.70;4.80
10:15:53;-18.10;-30.00;-30.01;19.10;-18.70;-18.20;-20.53;14.70;4.90
10:15:55;-18.10;-30.00;-30.01;19.10;-18.70;-18.20;-20.53;14.70;4.80
10:15:57;-18.10;-30.00;-30.01;19.10;-18.70;-18.20;-20.54;14.70;4.80
10:15:59;-18.10;-30.00;-30.01;19.10;-18.70;-18.20;-20.54;14.70;4.80
10:16:01;-18.10;-30.00;-30.02;19.10;-18.70;-18.20;-20.54;14.70;4.90
10:16:03;-18.10;-30.00;-30.02;19.10;-18.70;-18.20;-20.54;14.60;4.80
10:16:05;-18.10;-30.00;-30.02;19.10;-18.70;-18.20;-20.54;14.60;4.80
10:16:07;-18.10;-30.00;-30.02;19.10;-18.70;-18.20;-20.54;14.70;4.80
10:16:09;-18.10;-30.00;-29.99;19.10;-18.70;-18.20;-20.53;14.60;4.80
10:16:11;-18.10;-30.00;-29.99;19.00;-18.70;-18.20;-20.52;14.60;4.80
10:16:13;-18.10;-30.00;-29.98;19.00;-18.70;-18.20;-20.52;14.50;4.80
10:16:15;-18.10;-30.00;-29.99;19.00;-18.70;-18.20;-20.51;14.50;4.80
10:16:17;-18.10;-30.00;-30.01;19.00;-18.70;-18.10;-20.51;14.50;4.80
10:16:19;-18.10;-30.00;-30.02;19.00;-18.70;-18.20;-20.51;14.60;4.80
10:16:21;-18.10;-30.00;-30.03;19.00;-18.70;-18.10;-20.51;14.50;4.80
10:16:23;-18.10;-30.00;-30.04;19.00;-18.70;-18.10;-20.51;14.50;4.80
10:16:25;-18.10;-30.00;-30.04;19.00;-18.70;-18.10;-20.50;14.50;4.80
10:16:27;-18.10;-30.00;-30.04;19.00;-18.70;-18.20;-20.50;14.50;4.80
10:16:29;-18.10;-30.00;-30.03;19.00;-18.70;-18.10;-20.50;14.50;4.80
10:16:31;-18.10;-30.00;-30.03;19.00;-18.70;-18.10;-20.50;14.60;4.90
10:16:33;-18.10;-30.00;-30.03;19.00;-18.70;-18.10;-20.50;14.50;4.80
10:16:35;-18.10;-30.00;-30.03;19.00;-18.70;-18.10;-20.51;14.60;4.80
10:16:37;-18.10;-30.00;-30.02;19.00;-18.70;-18.10;-20.51;14.50;4.80
10:16:39;-18.10;-30.00;-30.02;19.00;-18.70;-18.10;-20.51;14.60;4.80
10:16:41;-18.10;-30.00;-30.02;19.00;-18.70;-18.10;-20.51;14.60;4.90
10:16:43;-18.10;-30.00;-30.01;19.00;-18.70;-18.20;-20.51;14.50;4.80
10:16:45;-18.10;-30.00;-29.99;19.00;-18.70;-18.10;-20.51;14.60;4.80
10:16:47;-18.10;-30.00;-29.97;19.00;-18.70;-18.10;-20.51;14.60;4.80
10:16:49;-18.10;-30.00;-30.00;19.00;-18.70;-18.10;-20.51;14.50;4.90
10:16:51;-18.10;-30.00;-30.01;19.00;-18.70;-18.20;-20.52;14.50;4.80
10:16:54;-18.10;-30.00;-30.01;19.00;-18.70;-18.20;-20.52;14.50;4.80
10:16:56;-18.10;-30.00;-30.01;19.00;-18.70;-18.20;-20.52;14.40;4.90
10:16:57;-18.10;-30.00;-30.01;19.00;-18.70;-18.20;-20.52;14.50;4.80
10:16:59;-18.10;-30.00;-30.00;19.00;-18.70;-18.20;-20.51;14.40;4.90
10:17:01;-18.10;-30.00;-29.99;18.90;-18.70;-18.10;-20.52;14.50;4.80
10:17:03;-18.10;-30.00;-30.01;19.00;-18.70;-18.10;-20.51;14.50;4.90
10:17:05;-18.10;-30.00;-30.01;19.00;-18.70;-18.10;-20.51;14.50;4.80
10:17:08;-18.10;-30.00;-30.01;18.90;-18.70;-18.10;-20.51;14.50;4.90
10:17:09;-18.10;-30.00;-30.02;18.90;-18.70;-18.10;-20.51;14.40;4.80
10:17:11;-18.10;-30.00;-30.02;18.90;-18.70;-18.10;-20.50;14.40;4.90
10:17:13;-18.10;-30.00;-30.00;18.90;-18.70;-18.20;-20.50;14.40;4.80
10:17:15;-18.10;-30.00;-29.99;18.90;-18.70;-18.10;-20.49;14.40;4.90
10:17:17;-18.10;-30.00;-29.99;18.90;-18.70;-18.10;-20.50;14.40;4.90
10:17:20;-18.10;-30.00;-30.00;18.90;-18.70;-18.10;-20.50;14.30;4.80
10:17:22;-18.10;-30.00;-30.01;18.90;-18.70;-18.10;-20.50;14.40;4.80
10:17:24;-18.10;-30.00;-30.00;18.90;-18.70;-18.10;-20.50;14.30;4.90
10:17:26;-18.10;-30.00;-30.01;18.90;-18.70;-18.10;-20.50;14.20;4.90
10:17:28;-18.10;-30.00;-29.99;18.90;-18.70;-18.10;-20.50;14.30;4.90
10:17:30;-18.10;-30.00;-29.99;18.90;-18.70;-18.20;-20.50;14.30;4.80
10:17:32;-18.10;-30.00;-29.97;18.90;-18.70;-18.20;-20.49;14.30;4.80
10:17:34;-18.10;-30.00;-29.95;18.90;-18.70;-18.20;-20.48;14.30;4.80
10:17:36;-18.10;-30.00;-29.99;18.90;-18.70;-18.20;-20.43;14.30;4.80
10:17:38;-18.10;-30.00;-30.03;18.90;-18.70;-18.20;-20.38;14.20;4.80
10:17:40;-18.10;-30.00;-30.03;18.90;-18.70;-18.20;-20.32;14.20;4.90
10:17:42;-18.10;-30.00;-30.02;18.90;-18.70;-18.20;-20.28;14.20;4.90
10:17:44;-18.10;-30.00;-29.99;18.90;-18.70;-18.10;-20.26;14.20;4.80
10:17:46;-18.10;-30.00;-30.01;18.90;-18.70;-18.20;-20.26;14.20;4.90
10:17:48;-18.10;-30.00;-30.02;18.90;-18.70;-18.10;-20.27;14.20;4.90
10:17:50;-18.10;-30.00;-30.05;18.80;-18.70;-18.10;-20.28;14.20;4.90
10:17:52;-18.10;-30.00;-30.05;18.80;-18.70;-18.10;-20.28;14.20;4.90
10:17:54;-18.10;-30.00;-30.04;18.80;-18.70;-18.10;-20.30;14.20;4.80
10:17:56;-18.10;-30.00;-30.03;18.80;-18.70;-18.10;-20.31;14.20;4.80
10:17:58;-18.10;-30.00;-30.02;18.80;-18.70;-18.10;-20.33;14.20;4.90
10:18:00;-18.10;-30.00;-30.02;18.80;-18.70;-18.10;-20.35;14.20;4.80
10:18:02;-18.10;-30.00;-30.01;18.80;-18.70;-18.10;-20.36;14.20;4.90
10:18:04;-18.10;-30.00;-30.01;18.80;-18.70;-18.10;-20.36;14.20;4.90
10:18:06;-18.10;-30.00;-29.99;18.80;-18.70;-18.10;-20.37;14.20;4.90
10:18:08;-18.10;-30.00;-29.99;18.80;-18.70;-18.10;-20.39;14.20;4.80
10:18:10;-18.10;-30.00;-30.01;18.80;-18.70;-18.10;-20.38;14.10;4.80
10:18:12;-18.10;-30.00;-30.02;18.80;-18.70;-18.10;-20.38;14.20;4.90
10:18:14;-18.10;-30.00;-30.02;18.80;-18.70;-18.10;-20.36;14.10;4.80
10:18:16;-18.10;-30.00;-29.99;18.80;-18.70;-18.10;-20.35;14.10;4.90
10:18:18;-18.10;-30.00;-29.96;18.80;-18.70;-18.10;-20.34;14.10;4.90
10:18:20;-18.10;-30.00;-29.97;18.80;-18.70;-18.10;-20.32;14.10;4.90
10:18:22;-18.10;-30.00;-29.99;18.80;-18.70;-18.10;-20.30;14.10;4.80
10:18:24;-18.10;-30.00;-30.00;18.80;-18.70;-18.10;-20.30;14.10;4.80
10:18:26;-18.10;-30.00;-30.01;18.80;-18.70;-18.10;-20.31;14.00;4.80
10:18:28;-18.10;-30.00;-30.01;18.80;-18.70;-18.10;-20.32;14.00;4.80
10:18:30;-18.10;-30.00;-29.99;18.80;-18.70;-18.10;-20.34;14.00;4.90
10:18:32;-18.10;-30.00;-29.98;18.80;-18.70;-18.10;-20.35;14.00;4.90
10:18:34;-18.10;-30.00;-30.02;18.80;-18.70;-18.10;-20.37;14.00;4.80
10:18:36;-18.10;-30.00;-30.03;18.80;-18.70;-18.10;-20.38;14.00;4.80
10:18:38;-18.10;-30.00;-30.03;18.80;-18.70;-18.10;-20.38;14.00;4.90
10:18:40;-18.10;-30.00;-30.01;18.80;-18.70;-18.10;-20.39;14.00;4.80
10:18:42;-18.10;-30.00;-30.00;18.80;-18.70;-18.10;-20.39;14.00;4.90
10:18:44;-18.10;-30.00;-30.00;18.70;-18.70;-18.10;-20.39;14.00;4.90
10:18:46;-18.10;-30.00;-30.01;18.70;-18.70;-18.10;-20.37;14.00;4.90
10:18:48;-18.10;-30.00;-30.02;18.70;-18.70;-18.10;-20.34;14.00;4.80
10:18:50;-18.10;-30.00;-30.02;18.70;-18.70;-18.10;-20.31;14.00;4.80
10:18:52;-18.10;-30.00;-30.02;18.70;-18.70;-18.10;-20.27;14.00;4.90
10:18:54;-18.10;-30.00;-30.02;18.70;-18.70;-18.10;-20.25;14.00;4.80
10:18:56;-18.10;-30.00;-30.04;18.70;-18.70;-18.10;-20.22;14.00;4.80
10:18:58;-18.10;-30.00;-30.03;18.70;-18.70;-18.10;-20.19;14.00;4.90
10:19:00;-18.10;-30.00;-30.03;18.70;-18.70;-18.10;-20.18;14.00;4.90
10:19:02;-18.10;-30.00;-30.02;18.70;-18.70;-18.10;-20.16;14.00;4.90
10:19:04;-18.10;-30.00;-30.02;18.70;-18.70;-18.10;-20.14;14.00;4.90
10:19:06;-18.10;-30.00;-30.03;18.70;-18.70;-18.10;-20.14;13.90;4.90
10:19:08;-18.10;-30.00;-30.03;18.70;-18.70;-18.10;-20.15;13.90;4.80
10:19:10;-18.10;-30.00;-30.03;18.70;-18.70;-18.10;-20.16;13.90;4.80
10:19:12;-18.10;-30.00;-30.01;18.70;-18.70;-18.20;-20.17;13.90;4.90
10:19:14;-18.10;-30.00;-30.01;18.70;-18.70;-18.10;-20.20;13.90;4.90
10:19:16;-18.10;-30.00;-30.02;18.70;-18.70;-18.10;-20.22;13.90;4.90
10:19:18;-18.10;-30.00;-30.01;18.70;-18.70;-18.10;-20.24;13.90;4.90
10:19:20;-18.10;-30.00;-30.01;18.70;-18.70;-18.10;-20.25;13.90;4.90
10:19:22;-18.10;-30.00;-30.00;18.70;-18.70;-18.10;-20.26;13.90;4.90
10:19:24;-18.10;-30.00;-29.99;18.70;-18.70;-18.10;-20.25;13.90;4.90
10:19:26;-18.10;-30.00;-30.00;18.70;-18.70;-18.10;-20.25;13.90;4.90
10:19:28;-18.10;-30.00;-30.01;18.70;-18.70;-18.10;-20.25;13.80;4.90
10:19:30;-18.10;-30.00;-30.01;18.70;-18.70;-18.10;-20.22;13.80;4.90
10:19:32;-18.10;-30.00;-30.00;18.70;-18.70;-18.10;-20.20;13.80;4.90
10:19:34;-18.10;-30.00;-30.01;18.60;-18.70;-18.10;-20.17;13.80;4.80
10:19:36;-18.10;-30.00;-30.01;18.70;-18.80;-18.10;-20.16;13.80;4.80
10:19:38;-18.10;-30.00;-30.00;18.60;-18.70;-18.10;-20.14;13.80;4.90
10:19:40;-18.10;-30.00;-29.99;18.60;-18.70;-18.10;-20.13;13.80;4.80
10:19:42;-18.10;-30.00;-30.00;18.60;-18.70;-18.10;-20.14;13.80;4.80
10:19:44;-18.10;-30.00;-30.02;18.70;-18.70;-18.20;-20.14;13.80;4.90
10:19:46;-18.10;-30.00;-30.02;18.60;-18.70;-18.20;-20.13;13.80;4.90
10:19:48;-18.10;-30.00;-30.01;18.60;-18.70;-18.10;-20.13;13.80;4.90
10:19:50;-18.10;-30.00;-30.01;18.60;-18.70;-18.10;-20.14;13.80;4.90
10:19:52;-18.10;-30.00;-30.00;18.60;-18.70;-18.10;-20.13;13.70;4.80
10:19:54;-18.10;-30.00;-29.99;18.60;-18.70;-18.10;-20.13;13.70;4.90
10:19:56;-18.10;-30.00;-30.01;18.60;-18.70;-18.10;-20.14;13.70;4.90
10:19:58;-18.10;-30.00;-30.02;18.60;-18.70;-18.10;-20.17;13.70;4.90
10:20:00;-18.10;-30.00;-30.02;18.60;-18.70;-18.10;-20.18;13.70;4.80
10:20:02;-18.10;-30.00;-30.02;18.60;-18.70;-18.10;-20.19;13.70;4.90
10:20:04;-18.10;-30.00;-30.01;18.60;-18.70;-18.10;-20.20;13.70;4.90
10:20:06;-18.10;-30.00;-30.00;18.60;-18.70;-18.10;-20.20;13.70;4.90
10:20:08;-18.10;-30.00;-29.99;18.60;-18.80;-18.10;-20.19;13.70;4.90
10:20:10;-18.10;-30.00;-30.00;18.60;-18.80;-18.10;-20.18;13.70;4.90
10:20:12;-18.10;-30.00;-29.98;18.60;-18.80;-18.10;-20.16;13.70;4.90
10:20:14;-18.10;-30.00;-30.00;18.60;-18.70;-18.10;-20.14;13.70;4.90
10:20:16;-18.10;-30.00;-30.01;18.60;-18.80;-18.10;-20.12;13.70;4.90
10:20:18;-18.10;-30.00;-30.00;18.60;-18.80;-18.20;-20.11;13.70;4.90
10:20:20;-18.10;-30.00;-29.98;18.60;-18.80;-18.10;-20.10;13.70;4.90
10:20:22;-18.10;-30.00;-29.99;18.60;-18.70;-18.10;-20.09;13.70;4.90
10:20:24;-18.10;-30.00;-30.01;18.60;-18.70;-18.10;-20.08;13.60;4.90
10:20:26;-18.10;-30.00;-30.01;18.60;-18.70;-18.10;-20.08;13.70;4.90
10:20:28;-18.10;-30.00;-30.01;18.50;-18.70;-18.10;-20.08;13.70;4.80
10:20:30;-18.10;-30.00;-30.01;18.50;-18.70;-18.10;-20.08;13.60;4.90
10:20:32;-18.10;-30.00;-30.00;18.50;-18.70;-18.10;-20.08;13.60;4.90
10:20:34;-18.10;-30.00;-30.00;18.50;-18.70;-18.10;-20.08;13.60;4.90
10:20:36;-18.10;-30.00;-30.01;18.50;-18.80;-18.10;-20.08;13.60;4.90
10:20:38;-18.10;-30.00;-30.02;18.50;-18.70;-18.10;-20.07;13.60;4.80
10:20:40;-18.10;-30.00;-30.01;18.50;-18.70;-18.10;-20.07;13.60;4.90
10:20:42;-18.10;-30.00;-30.01;18.50;-18.70;-18.20;-20.07;13.60;4.90
10:20:44;-18.10;-30.00;-30.01;18.50;-18.70;-18.10;-20.07;13.60;4.90
10:20:46;-18.10;-30.00;-30.01;18.50;-18.70;-18.10;-20.08;13.60;4.90
10:20:48;-18.10;-30.00;-30.02;18.50;-18.70;-18.20;-20.11;13.60;4.90
10:20:50;-18.10;-30.00;-30.02;18.50;-18.70;-18.10;-20.12;13.60;4.90
10:20:52;-18.10;-30.00;-30.01;18.50;-18.70;-18.10;-20.14;13.70;4.90
10:20:54;-18.10;-30.00;-30.01;18.50;-18.70;-18.10;-20.15;13.60;4.90
10:20:56;-18.10;-30.00;-30.01;18.50;-18.70;-18.10;-20.17;13.60;4.90
10:20:58;-18.10;-30.00;-30.00;18.50;-18.70;-18.20;-20.18;13.70;4.80
10:21:00;-18.10;-30.00;-29.97;18.50;-18.70;-18.20;-20.19;13.60;4.90
10:21:02;-18.10;-30.00;-29.97;18.50;-18.70;-18.20;-20.19;13.60;4.90
10:21:04;-18.10;-30.00;-29.99;18.50;-18.70;-18.20;-20.20;13.60;4.90
10:21:06;-18.10;-30.00;-29.99;18.50;-18.70;-18.20;-20.20;13.60;4.90
10:21:08;-18.10;-30.00;-29.99;18.50;-18.70;-18.20;-20.20;13.60;4.80
10:21:10;-18.10;-30.00;-29.99;18.50;-18.70;-18.20;-20.19;13.60;4.90
10:21:12;-18.10;-30.00;-29.98;18.50;-18.70;-18.20;-20.19;13.60;4.90
10:21:14;-18.10;-30.00;-29.98;18.50;-18.80;-18.20;-20.20;13.70;4.90
10:21:16;-18.10;-30.00;-29.99;18.40;-18.70;-18.20;-20.20;13.60;4.90
10:21:18;-18.10;-30.00;-30.00;18.40;-18.70;-18.20;-20.20;13.60;4.90
10:21:20;-18.10;-30.00;-30.01;18.50;-18.80;-18.10;-20.19;13.60;5.00
10:21:22;-18.10;-30.00;-30.01;18.40;-18.70;-18.10;-20.19;13.60;4.90
10:21:24;-18.10;-30.00;-30.01;18.40;-18.70;-18.20;-20.19;13.70;4.90
10:21:26;-18.10;-30.00;-30.02;18.40;-18.70;-18.10;-20.19;13.60;4.90
10:21:28;-18.10;-30.00;-30.02;18.40;-18.80;-18.20;-20.18;13.60;4.90
10:21:30;-18.10;-30.00;-30.00;18.40;-18.70;-18.10;-20.18;13.60;4.90
10:21:32;-18.10;-30.00;-29.99;18.40;-18.80;-18.10;-20.18;13.60;4.90
10:21:34;-18.10;-30.00;-30.00;18.40;-18.70;-18.10;-20.18;13.60;5.00
10:21:36;-18.10;-30.00;-30.01;18.40;-18.70;-18.10;-20.18;13.50;4.90
10:21:38;-18.10;-30.00;-30.00;18.40;-18.70;-18.10;-20.18;13.50;4.90
10:21:40;-18.10;-30.00;-29.99;18.40;-18.70;-18.10;-20.18;13.50;4.80
10:21:42;-18.10;-30.00;-29.99;18.40;-18.80;-18.10;-20.18;13.50;4.90
