time (10.09.2024);target (PCB) temperature (C);chiller setpoint (C);chiller temperature (internal) (C);housing temperature (C);sensor box temperature (C);PCB temperature (C);Pt1000 temperature (C);housing humidity (%);sensor box humidity (%)
13:01:50;-18.10;-30.00;-30.01;16.40;-18.30;-18.10;-20.60;16.50;5.50
13:01:52;-18.10;-30.00;-30.00;16.40;-18.30;-18.20;-20.61;16.50;5.60
13:01:54;-18.10;-30.00;-29.99;16.40;-18.30;-18.10;-20.60;16.50;5.60
13:01:56;-18.10;-30.00;-29.98;16.40;-18.30;-18.10;-20.60;16.50;5.50
13:01:58;-18.10;-30.00;-29.97;16.40;-18.30;-18.10;-20.61;16.50;5.60
13:02:00;-18.10;-30.00;-29.99;16.40;-18.30;-18.10;-20.62;16.50;5.60
13:02:02;-18.10;-30.00;-30.00;16.40;-18.30;-18.10;-20.61;16.50;5.60
13:02:04;-18.10;-30.00;-30.00;16.40;-18.30;-18.10;-20.61;16.50;5.50
13:02:06;-18.10;-30.00;-29.99;16.40;-18.30;-18.20;-20.62;16.50;5.50
13:02:08;-18.10;-30.00;-30.00;16.40;-18.30;-18.10;-20.62;16.50;5.60
13:02:10;-18.10;-30.00;-30.01;16.40;-18.30;-18.10;-20.62;16.50;5.60
13:02:12;-18.10;-30.00;-30.01;16.40;-18.30;-18.10;-20.61;16.50;5.50
13:02:14;-18.10;-30.00;-30.02;16.40;-18.30;-18.20;-20.62;16.50;5.50
13:02:16;-18.10;-30.00;-30.02;16.40;-18.30;-18.20;-20.63;16.50;5.50
13:02:18;-18.10;-30.00;-30.02;16.40;-18.30;-18.20;-20.61;16.50;5.50
13:02:20;-18.10;-30.00;-30.02;16.40;-18.30;-18.20;-20.62;16.40;5.50
13:02:22;-18.10;-30.00;-30.02;16.40;-18.30;-18.20;-20.61;16.40;5.50
13:02:24;-18.10;-30.00;-30.01;16.40;-18.30;-18.10;-20.58;16.40;5.50
13:02:26;-18.10;-30.00;-30.01;16.40;-18.30;-18.10;-20.59;16.40;5.50
13:02:28;-18.10;-30.00;-30.00;16.40;-18.30;-18.10;-20.59;16.40;5.50
13:02:30;-18.10;-30.00;-30.01;16.40;-18.30;-18.10;-20.61;16.40;5.50
13:02:32;-18.10;-30.00;-30.01;16.40;-18.30;-18.10;-20.58;16.40;5.50
13:02:34;-18.10;-30.00;-30.00;16.40;-18.30;-18.10;-20.59;16.40;5.60
13:02:36;-18.10;-30.00;-29.99;16.40;-18.30;-18.10;-20.59;16.30;5.50
13:02:38;-18.10;-30.00;-29.99;16.40;-18.30;-18.10;-20.59;16.30;5.50
13:02:40;-18.10;-30.00;-29.99;16.40;-18.30;-18.10;-20.59;16.30;5.50
13:02:42;-18.10;-30.00;-30.00;16.40;-18.30;-18.10;-20.60;16.30;5.50
13:02:44;-18.10;-30.00;-30.00;16.40;-18.30;-18.10;-20.59;16.30;5.60
13:02:46;-18.10;-30.00;-29.98;16.40;-18.30;-18.10;-20.60;16.30;5.50
13:02:48;-18.10;-30.00;-29.98;16.40;-18.30;-18.10;-20.59;16.30;5.50
13:02:50;-18.10;-30.00;-29.99;16.40;-18.30;-18.10;-20.60;16.30;5.50
13:02:52;-18.10;-30.00;-30.00;16.40;-18.30;-18.10;-20.59;16.20;5.50
13:02:54;-18.10;-30.00;-29.99;16.40;-18.30;-18.10;-20.59;16.20;5.50
13:02:56;-18.10;-30.00;-29.99;16.40;-18.30;-18.10;-20.59;16.20;5.60
13:02:58;-18.10;-30.00;-30.01;16.40;-18.30;-18.10;-20.59;16.20;5.50
13:03:00;-18.10;-30.00;-30.02;16.40;-18.30;-18.10;-20.59;16.20;5.50
13:03:02;-18.10;-30.00;-30.01;16.40;-18.30;-18.10;-20.60;16.20;5.50
13:03:04;-18.10;-30.00;-30.00;16.40;-18.30;-18.10;-20.60;16.20;5.50
13:03:06;-18.10;-30.00;-30.01;16.40;-18.30;-18.10;-20.60;16.20;5.50
13:03:08;-18.10;-30.00;-30.01;16.40;-18.30;-18.10;-20.60;16.20;5.60
13:03:11;-18.10;-30.00;-29.99;16.40;-18.30;-18.10;-20.58;16.20;5.50
13:03:12;-18.10;-30.00;-30.00;16.40;-18.30;-18.10;-20.58;16.10;5.50
13:03:14;-18.10;-30.00;-29.99;16.40;-18.30;-18.10;-20.60;16.10;5.50
13:03:17;-18.10;-30.00;-29.97;16.40;-18.30;-18.10;-20.61;16.10;5.50
13:03:18;-18.10;-30.00;-29.98;16.40;-18.30;-18.10;-20.58;16.10;5.50
13:03:20;-18.10;-30.00;-29.99;16.40;-18.30;-18.10;-20.58;16.10;5.50
13:03:22;-18.10;-30.00;-29.99;16.40;-18.30;-18.10;-20.57;16.10;5.50
13:03:24;-18.10;-30.00;-29.96;16.40;-18.30;-18.10;-20.57;16.10;5.60
13:03:26;-18.10;-30.00;-29.96;16.40;-18.30;-18.10;-20.57;16.10;5.50
13:03:28;-18.10;-30.00;-29.99;16.40;-18.30;-18.10;-20.57;16.10;5.50
13:03:31;-18.10;-30.00;-30.00;16.40;-18.30;-18.10;-20.58;16.10;5.50
13:03:33;-18.10;-30.00;-30.01;16.40;-18.30;-18.10;-20.59;16.10;5.50
13:03:34;-18.10;-30.00;-30.01;16.40;-18.30;-18.10;-20.61;16.10;5.50
13:03:36;-18.10;-30.00;-30.02;16.40;-18.30;-18.10;-20.61;16.10;5.50
13:03:38;-18.10;-30.00;-30.01;16.40;-18.30;-18.10;-20.61;16.10;5.50
13:03:40;-18.10;-30.00;-30.00;16.40;-18.30;-18.10;-20.60;16.10;5.50
13:03:42;-18.10;-30.00;-30.00;16.40;-18.30;-18.10;-20.60;16.00;5.50
13:03:44;-18.10;-30.00;-29.98;16.40;-18.30;-18.10;-20.59;16.00;5.50
13:03:46;-18.10;-30.00;-29.98;16.40;-18.30;-18.10;-20.57;16.00;5.50
13:03:48;-18.10;-30.00;-29.99;16.40;-18.30;-18.10;-20.58;16.00;5.50
13:03:50;-18.10;-30.00;-30.00;16.40;-18.30;-18.10;-20.58;16.00;5.50
13:03:52;-18.10;-30.00;-30.00;16.40;-18.30;-18.10;-20.57;16.00;5.50
13:03:54;-18.10;-30.00;-29.99;16.40;-18.30;-18.10;-20.58;16.00;5.50
13:03:56;-18.10;-30.00;-29.98;16.40;-18.30;-18.10;-20.57;16.00;5.60
13:03:58;-18.10;-30.00;-30.00;16.40;-18.30;-18.10;-20.57;16.00;5.50
13:04:00;-18.10;-30.00;-30.01;16.40;-18.30;-18.00;-20.58;16.00;5.50
13:04:02;-18.10;-30.00;-30.00;16.40;-18.30;-18.00;-20.57;16.00;5.50
13:04:04;-18.10;-30.00;-30.01;16.40;-18.30;-18.10;-20.58;16.00;5.50
13:04:06;-18.10;-30.00;-30.00;16.40;-18.30;-18.00;-20.57;16.00;5.50
13:04:08;-18.10;-30.00;-30.01;16.40;-18.30;-18.10;-20.58;16.00;5.50
13:04:11;-18.10;-30.00;-30.02;16.40;-18.30;-18.10;-20.57;15.90;5.50
13:04:13;-18.10;-30.00;-30.02;16.40;-18.30;-18.10;-20.57;15.90;5.50
13:04:14;-18.10;-30.00;-29.98;16.40;-18.30;-18.10;-20.56;15.90;5.50
13:04:16;-18.10;-30.00;-29.99;16.40;-18.30;-18.10;-20.56;15.90;5.50
13:04:18;-18.10;-30.00;-29.99;16.40;-18.30;-18.10;-20.57;15.90;5.50
13:04:20;-18.10;-30.00;-30.02;16.40;-18.30;-18.10;-20.58;15.90;5.50
13:04:22;-18.10;-30.00;-30.03;16.40;-18.30;-18.10;-20.60;15.90;5.50
13:04:24;-18.10;-30.00;-30.01;16.40;-18.30;-18.10;-20.59;15.90;5.50
13:04:26;-18.10;-30.00;-30.00;16.40;-18.30;-18.10;-20.60;15.90;5.50
13:04:28;-18.10;-30.00;-30.00;16.40;-18.30;-18.10;-20.60;15.90;5.50
13:04:31;-18.10;-30.00;-29.99;16.40;-18.30;-18.10;-20.61;15.90;5.50
13:04:32;-18.10;-30.00;-29.98;16.40;-18.30;-18.10;-20.59;15.90;5.50
13:04:34;-18.10;-30.00;-29.96;16.30;-18.30;-18.10;-20.57;15.80;5.50
13:04:36;-18.10;-30.00;-29.99;16.40;-18.30;-18.00;-20.56;15.80;5.50
13:04:38;-18.10;-30.00;-30.01;16.40;-18.30;-18.10;-20.58;15.80;5.50
13:04:41;-18.10;-30.00;-30.01;16.40;-18.30;-18.10;-20.58;15.80;5.50
13:04:42;-18.10;-30.00;-30.00;16.40;-18.30;-18.10;-20.58;15.80;5.50
13:04:44;-18.10;-30.00;-30.00;16.40;-18.30;-18.10;-20.59;15.80;5.50
13:04:46;-18.10;-30.00;-29.96;16.40;-18.30;-18.10;-20.59;15.80;5.50
13:04:48;-18.10;-30.00;-30.00;16.40;-18.30;-18.10;-20.58;15.80;5.50
13:04:51;-18.10;-30.00;-30.02;16.40;-18.30;-18.10;-20.58;15.80;5.50
13:04:53;-18.10;-30.00;-30.03;16.40;-18.30;-18.10;-20.60;15.80;5.50
13:04:54;-18.10;-30.00;-30.02;16.40;-18.30;-18.10;-20.59;15.80;5.50
13:04:56;-18.10;-30.00;-30.02;16.40;-18.30;-18.10;-20.59;15.70;5.50
13:04:58;-18.10;-30.00;-30.02;16.30;-18.30;-18.10;-20.57;15.80;5.50
13:05:00;-18.10;-30.00;-30.02;16.30;-18.30;-18.10;-20.58;15.80;5.50
13:05:02;-18.10;-30.00;-30.01;16.30;-18.30;-18.10;-20.59;15.80;5.50
13:05:04;-18.10;-30.00;-29.99;16.30;-18.30;-18.10;-20.58;15.70;5.50
13:05:06;-18.10;-30.00;-29.97;16.30;-18.30;-18.10;-20.59;15.70;5.50
13:05:08;-18.10;-30.00;-29.98;16.40;-18.30;-18.10;-20.59;15.70;5.50
13:05:11;-18.10;-30.00;-29.98;16.30;-18.30;-18.10;-20.59;15.80;5.50
13:05:13;-18.10;-30.00;-29.96;16.40;-18.30;-18.10;-20.59;15.80;5.50
13:05:14;-18.10;-30.00;-29.97;16.30;-18.30;-18.10;-20.59;15.70;5.50
13:05:16;-18.10;-30.00;-29.98;16.30;-18.20;-18.10;-20.59;15.80;5.50
13:05:19;-18.10;-30.00;-29.99;16.40;-18.30;-18.10;-20.59;15.70;5.50
13:05:20;-18.10;-30.00;-30.00;16.30;-18.30;-18.10;-20.59;15.70;5.50
13:05:23;-18.10;-30.00;-29.99;16.30;-18.30;-18.10;-20.59;15.70;5.50
13:05:24;-18.10;-30.00;-29.97;16.30;-18.30;-18.10;-20.57;15.70;5.50
13:05:26;-18.10;-30.00;-29.98;16.30;-18.30;-18.10;-20.58;15.70;5.50
13:05:28;-18.10;-30.00;-30.00;16.30;-18.30;-18.10;-20.56;15.70;5.50
13:05:31;-18.10;-30.00;-30.01;16.40;-18.30;-18.10;-20.56;15.60;5.50
13:05:33;-18.10;-30.00;-30.01;16.30;-18.30;-18.00;-20.55;15.60;5.50
13:05:35;-18.10;-30.00;-30.00;16.30;-18.20;-18.00;-20.56;15.60;5.50
13:05:37;-18.10;-30.00;-30.01;16.40;-18.30;-18.00;-20.56;15.60;5.50
13:05:39;-18.10;-30.00;-30.02;16.30;-18.30;-18.10;-20.56;15.70;5.50
13:05:41;-18.10;-30.00;-30.04;16.30;-18.30;-18.10;-20.58;15.60;5.50
13:05:43;-18.10;-30.00;-30.02;16.40;-18.30;-18.00;-20.56;15.60;5.50
13:05:45;-18.10;-30.00;-30.01;16.30;-18.30;-18.00;-20.58;15.60;5.50
13:05:47;-18.10;-30.00;-30.01;16.30;-18.30;-18.00;-20.60;15.60;5.50
13:05:49;-18.10;-30.00;-29.99;16.30;-18.30;-18.00;-20.60;15.60;5.50
13:05:51;-18.10;-30.00;-29.99;16.30;-18.30;-18.10;-20.59;15.60;5.40
13:05:53;-18.10;-30.00;-30.00;16.30;-18.30;-18.10;-20.60;15.60;5.50
13:05:55;-18.10;-30.00;-29.99;16.30;-18.30;-18.10;-20.58;15.60;5.40
13:05:57;-18.10;-30.00;-29.98;16.30;-18.30;-18.10;-20.59;15.60;5.50
13:05:59;-18.10;-30.00;-29.99;16.30;-18.30;-18.10;-20.60;15.50;5.50
13:06:01;-18.10;-30.00;-29.98;16.30;-18.30;-18.10;-20.59;15.50;5.50
13:06:03;-18.10;-30.00;-29.98;16.30;-18.30;-18.10;-20.58;15.60;5.50
13:06:05;-18.10;-30.00;-30.00;16.40;-18.30;-18.10;-20.59;15.50;5.50
13:06:07;-18.10;-30.00;-30.01;16.30;-18.30;-18.20;-20.59;15.50;5.50
13:06:09;-18.10;-30.00;-30.01;16.30;-18.30;-18.10;-20.59;15.50;5.50
13:06:11;-18.10;-30.00;-30.02;16.30;-18.30;-18.10;-20.60;15.50;5.40
13:06:13;-18.10;-30.00;-30.02;16.30;-18.30;-18.10;-20.61;15.50;5.50
13:06:15;-18.10;-30.00;-30.02;16.30;-18.30;-18.10;-20.60;15.50;5.50
13:06:17;-18.10;-30.00;-30.02;16.30;-18.30;-18.10;-20.60;15.50;5.50
13:06:19;-18.10;-30.00;-30.02;16.30;-18.30;-18.10;-20.61;15.50;5.50
13:06:21;-18.10;-30.00;-30.01;16.30;-18.30;-18.20;-20.60;15.50;5.50
13:06:23;-18.10;-30.00;-30.01;16.30;-18.30;-18.10;-20.61;15.50;5.50
13:06:25;-18.10;-30.00;-30.00;16.30;-18.30;-18.10;-20.62;15.50;5.40
13:06:27;-18.10;-30.00;-29.99;16.30;-18.30;-18.10;-20.62;15.50;5.50
13:06:29;-18.10;-30.00;-29.97;16.30;-18.30;-18.10;-20.60;15.50;5.50
13:06:31;-18.10;-30.00;-29.96;16.30;-18.20;-18.10;-20.59;15.50;5.50
13:06:33;-18.10;-30.00;-29.98;16.30;-18.30;-18.20;-20.60;15.50;5.40
13:06:35;-18.10;-30.00;-30.00;16.30;-18.30;-18.10;-20.61;15.40;5.40
13:06:37;-18.10;-30.00;-30.01;16.30;-18.30;-18.10;-20.61;15.40;5.50
13:06:39;-18.10;-30.00;-30.02;16.20;-18.30;-18.10;-20.60;15.40;5.50
13:06:41;-18.10;-30.00;-30.01;16.30;-18.30;-18.10;-20.59;15.40;5.50
13:06:43;-18.10;-30.00;-30.00;16.30;-18.30;-18.10;-20.59;15.40;5.40
13:06:45;-18.10;-30.00;-30.00;16.30;-18.30;-18.10;-20.60;15.40;5.50
13:06:47;-18.10;-30.00;-29.99;16.30;-18.30;-18.10;-20.59;15.40;5.50
13:06:49;-18.10;-30.00;-30.00;16.30;-18.30;-18.10;-20.61;15.40;5.50
13:06:51;-18.10;-30.00;-30.00;16.30;-18.30;-18.10;-20.58;15.30;5.50
13:06:53;-18.10;-30.00;-29.98;16.30;-18.30;-18.10;-20.61;15.30;5.50
13:06:55;-18.10;-30.00;-29.98;16.30;-18.30;-18.10;-20.60;15.30;5.50
13:06:57;-18.10;-30.00;-29.99;16.30;-18.30;-18.10;-20.60;15.30;5.50
13:06:59;-18.10;-30.00;-30.00;16.30;-18.30;-18.10;-20.60;15.30;5.50
13:07:01;-18.10;-30.00;-29.99;16.30;-18.30;-18.10;-20.62;15.30;5.40
13:07:03;-18.10;-30.00;-29.99;16.30;-18.30;-18.20;-20.59;15.30;5.40
13:07:05;-18.10;-30.00;-30.00;16.30;-18.30;-18.10;-20.59;15.30;5.50
13:07:07;-18.10;-30.00;-30.02;16.30;-18.30;-18.10;-20.60;15.30;5.50
13:07:09;-18.10;-30.00;-30.00;16.30;-18.30;-18.20;-20.59;15.30;5.50
13:07:11;-18.10;-30.00;-29.99;16.30;-18.30;-18.20;-20.61;15.30;5.50
13:07:13;-18.10;-30.00;-30.00;16.30;-18.30;-18.20;-20.62;15.30;5.50
13:07:15;-18.10;-30.00;-30.01;16.30;-18.30;-18.20;-20.62;15.30;5.50
13:07:17;-18.10;-30.00;-30.00;16.30;-18.30;-18.20;-20.60;15.30;5.50
13:07:19;-18.10;-30.00;-30.01;16.30;-18.30;-18.10;-20.61;15.30;5.50
13:07:21;-18.10;-30.00;-30.01;16.30;-18.30;-18.10;-20.59;15.30;5.50
13:07:23;-18.10;-30.00;-30.00;16.30;-18.30;-18.10;-20.60;15.30;5.50
13:07:25;-18.10;-30.00;-30.00;16.30;-18.30;-18.20;-20.61;15.20;5.50
13:07:27;-18.10;-30.00;-29.98;16.30;-18.30;-18.20;-20.61;15.20;5.50
13:07:29;-18.10;-30.00;-29.97;16.20;-18.30;-18.20;-20.60;15.30;5.50
13:07:31;-18.10;-30.00;-29.99;16.30;-18.30;-18.10;-20.59;15.20;5.50
13:07:33;-18.10;-30.00;-30.01;16.20;-18.30;-18.10;-20.60;15.20;5.50
13:07:35;-18.10;-30.00;-29.99;16.30;-18.30;-18.10;-20.56;15.30;5.50
13:07:37;-18.10;-30.00;-30.00;16.30;-18.30;-18.10;-20.57;15.20;5.50
13:07:39;-18.10;-30.00;-30.01;16.20;-18.30;-18.10;-20.55;15.20;5.50
13:07:41;-18.10;-30.00;-30.01;16.20;-18.30;-18.10;-20.55;15.20;5.50
13:07:43;-18.10;-30.00;-30.01;16.30;-18.30;-18.10;-20.56;15.20;5.50
13:07:45;-18.10;-30.00;-30.02;16.20;-18.30;-18.10;-20.56;15.20;5.50
13:07:47;-18.10;-30.00;-30.01;16.20;-18.30;-18.20;-20.55;15.20;5.50
13:07:49;-18.10;-30.00;-29.99;16.20;-18.30;-18.10;-20.55;15.10;5.50
13:07:51;-18.10;-30.00;-29.99;16.20;-18.30;-18.10;-20.55;15.20;5.50
13:07:53;-18.10;-30.00;-30.01;16.20;-18.30;-18.10;-20.57;15.20;5.40
13:07:55;-18.10;-30.00;-30.02;16.20;-18.30;-18.10;-20.57;15.20;5.50
13:07:57;-18.10;-30.00;-30.02;16.20;-18.30;-18.10;-20.57;15.20;5.50
13:07:59;-18.10;-30.00;-30.01;16.20;-18.30;-18.10;-20.59;15.20;5.50
13:08:01;-18.10;-30.00;-30.01;16.30;-18.30;-18.10;-20.58;15.20;5.50
13:08:03;-18.10;-30.00;-30.01;16.20;-18.30;-18.10;-20.57;15.20;5.50
13:08:05;-18.10;-30.00;-30.02;16.20;-18.30;-18.10;-20.55;15.10;5.50
13:08:07;-18.10;-30.00;-30.03;16.20;-18.30;-18.10;-20.56;15.10;5.50
13:08:09;-18.10;-30.00;-30.00;16.20;-18.30;-18.10;-20.55;15.10;5.40
13:08:11;-18.10;-30.00;-30.00;16.20;-18.30;-18.10;-20.53;15.10;5.50
13:08:13;-18.10;-30.00;-30.01;16.20;-18.30;-18.10;-20.54;15.10;5.50
13:08:15;-18.10;-30.00;-30.00;16.20;-18.30;-18.10;-20.55;15.10;5.50
13:08:17;-18.10;-30.00;-30.02;16.20;-18.30;-18.10;-20.54;15.10;5.50
13:08:19;-18.10;-30.00;-30.00;16.20;-18.30;-18.10;-20.52;15.00;5.50
13:08:21;-18.10;-30.00;-30.01;16.20;-18.30;-18.10;-20.55;15.10;5.50
13:08:23;-18.10;-30.00;-30.02;16.20;-18.30;-18.10;-20.56;15.10;5.40
13:08:25;-18.10;-30.00;-30.02;16.20;-18.30;-18.10;-20.55;15.10;5.40
13:08:27;-18.10;-30.00;-30.02;16.20;-18.30;-18.10;-20.56;15.10;5.50
13:08:29;-18.10;-30.00;-30.01;16.20;-18.30;-18.10;-20.57;15.10;5.50
13:08:31;-18.10;-30.00;-30.00;16.20;-18.30;-18.10;-20.56;15.10;5.50
13:08:33;-18.10;-30.00;-30.00;16.20;-18.30;-18.10;-20.55;15.00;5.50
13:08:35;-18.10;-30.00;-29.99;16.20;-18.30;-18.10;-20.56;15.10;5.50
13:08:37;-18.10;-30.00;-30.00;16.20;-18.30;-18.10;-20.56;15.10;5.40
13:08:39;-18.10;-30.00;-30.02;16.20;-18.30;-18.10;-20.57;15.10;5.50
13:08:41;-18.10;-30.00;-30.01;16.20;-18.30;-18.10;-20.56;15.10;5.50
13:08:43;-18.10;-30.00;-30.02;16.20;-18.30;-18.10;-20.57;15.10;5.50
13:08:45;-18.10;-30.00;-30.00;16.20;-18.30;-18.10;-20.58;15.00;5.40
13:08:47;-18.10;-30.00;-29.99;16.20;-18.30;-18.10;-20.57;15.00;5.50
13:08:49;-18.10;-30.00;-29.99;16.20;-18.30;-18.10;-20.56;15.00;5.40
13:08:51;-18.10;-30.00;-30.00;16.20;-18.30;-18.10;-20.56;15.00;5.50
13:08:53;-18.10;-30.00;-30.00;16.20;-18.30;-18.10;-20.54;15.00;5.50
13:08:55;-18.10;-30.00;-30.01;16.20;-18.30;-18.10;-20.56;15.00;5.40
13:08:57;-18.10;-30.00;-30.01;16.20;-18.30;-18.10;-20.56;15.00;5.40
13:08:59;-18.10;-30.00;-30.01;16.20;-18.30;-18.10;-20.57;15.00;5.40
13:09:01;-18.10;-30.00;-30.01;16.20;-18.30;-18.10;-20.56;15.00;5.50
13:09:03;-18.10;-30.00;-30.00;16.20;-18.30;-18.10;-20.56;15.00;5.50
13:09:05;-18.10;-30.00;-29.99;16.20;-18.30;-18.10;-20.56;15.00;5.50
13:09:07;-18.10;-30.00;-29.99;16.20;-18.30;-18.10;-20.55;15.00;5.50
13:09:09;-18.10;-30.00;-30.00;16.20;-18.30;-18.20;-20.55;15.00;5.50
13:09:11;-18.10;-30.00;-29.98;16.20;-18.30;-18.20;-20.56;15.00;5.50
13:09:13;-18.10;-30.00;-29.97;16.20;-18.30;-18.20;-20.54;15.00;5.50
13:09:15;-18.10;-30.00;-29.98;16.20;-18.30;-18.20;-20.55;15.00;5.40
13:09:17;-18.10;-30.00;-30.00;16.20;-18.30;-18.10;-20.56;15.00;5.40
13:09:19;-18.10;-30.00;-30.01;16.20;-18.30;-18.20;-20.56;15.00;5.40
13:09:21;-18.10;-30.00;-30.02;16.20;-18.30;-18.10;-20.55;15.00;5.50
13:09:23;-18.10;-30.00;-30.02;16.20;-18.30;-18.10;-20.53;15.00;5.50
13:09:25;-18.10;-30.00;-30.03;16.20;-18.30;-18.10;-20.53;15.00;5.40
13:09:27;-18.10;-30.00;-30.04;16.20;-18.30;-18.10;-20.51;15.00;5.50
13:09:29;-18.10;-30.00;-30.03;16.20;-18.30;-18.10;-20.52;15.00;5.50
13:09:31;-18.10;-30.00;-30.02;16.20;-18.30;-18.10;-20.53;15.00;5.40
13:09:33;-18.10;-30.00;-30.01;16.20;-18.30;-18.10;-20.54;15.00;5.50
13:09:35;-18.10;-30.00;-30.01;16.20;-18.30;-18.10;-20.54;15.00;5.50
13:09:37;-18.10;-30.00;-30.01;16.20;-18.30;-18.10;-20.55;15.00;5.50
13:09:39;-18.10;-30.00;-30.01;16.20;-18.30;-18.10;-20.54;14.90;5.50
13:09:41;-18.10;-30.00;-30.01;16.20;-18.30;-18.10;-20.54;14.90;5.50
13:09:43;-18.10;-30.00;-30.01;16.20;-18.30;-18.10;-20.54;14.90;5.50
13:09:45;-18.10;-30.00;-30.01;16.20;-18.30;-18.10;-20.54;15.00;5.40
13:09:47;-18.10;-30.00;-29.99;16.20;-18.30;-18.10;-20.51;14.90;5.40
13:09:49;-18.10;-30.00;-29.97;16.20;-18.30;-18.10;-20.51;14.90;5.50
13:09:51;-18.10;-30.00;-29.99;16.20;-18.30;-18.10;-20.51;15.00;5.40
13:09:53;-18.10;-30.00;-29.98;16.20;-18.30;-18.10;-20.53;14.90;5.50
13:09:55;-18.10;-30.00;-29.98;16.20;-18.30;-18.10;-20.51;14.90;5.50
13:09:57;-18.10;-30.00;-29.98;16.20;-18.30;-18.10;-20.54;14.90;5.50
13:09:59;-18.10;-30.00;-29.98;16.20;-18.30;-18.10;-20.55;14.90;5.50
13:10:01;-18.10;-30.00;-29.99;16.20;-18.30;-18.10;-20.55;14.90;5.40
13:10:03;-18.10;-30.00;-30.00;16.20;-18.30;-18.10;-20.54;14.90;5.40
13:10:05;-18.10;-30.00;-30.00;16.20;-18.30;-18.20;-20.55;14.90;5.50
13:10:07;-18.10;-30.00;-30.00;16.20;-18.30;-18.10;-20.54;14.90;5.50
13:10:09;-18.10;-30.00;-30.02;16.20;-18.30;-18.10;-20.54;14.90;5.50
13:10:11;-18.10;-30.00;-30.02;16.20;-18.30;-18.10;-20.53;14.90;5.40
13:10:13;-18.10;-30.00;-30.01;16.20;-18.30;-18.10;-20.53;14.90;5.50
13:10:15;-18.10;-30.00;-29.99;16.20;-18.30;-18.10;-20.53;14.90;5.50
13:10:17;-18.10;-30.00;-29.98;16.20;-18.30;-18.10;-20.51;14.90;5.40
13:10:19;-18.10;-30.00;-29.97;16.20;-18.30;-18.10;-20.53;14.90;5.50
13:10:21;-18.10;-30.00;-29.98;16.20;-18.30;-18.10;-20.53;14.90;5.40
13:10:23;-18.10;-30.00;-29.99;16.20;-18.30;-18.10;-20.52;14.90;5.50
13:10:25;-18.10;-30.00;-29.99;16.20;-18.30;-18.10;-20.50;14.90;5.50
13:10:27;-18.10;-30.00;-30.00;16.20;-18.30;-18.10;-20.50;14.90;5.50
13:10:29;-18.10;-30.00;-30.00;16.20;-18.30;-18.10;-20.50;14.80;5.40
13:10:31;-18.10;-30.00;-30.00;16.20;-18.30;-18.10;-20.50;14.90;5.50
13:10:33;-18.10;-30.00;-30.00;16.20;-18.30;-18.10;-20.49;14.90;5.50
13:10:35;-18.10;-30.00;-30.00;16.20;-18.30;-18.10;-20.49;14.90;5.40
13:10:37;-18.10;-30.00;-30.00;16.20;-18.30;-18.10;-20.50;14.80;5.50
13:10:39;-18.10;-30.00;-30.01;16.20;-18.30;-18.10;-20.50;14.90;5.50
13:10:41;-18.10;-30.00;-30.00;16.20;-18.30;-18.10;-20.49;14.90;5.50
13:10:43;-18.10;-30.00;-30.00;16.20;-18.30;-18.10;-20.49;14.90;5.40
13:10:45;-18.10;-30.00;-30.00;16.20;-18.30;-18.10;-20.51;14.90;5.40
13:10:47;-18.10;-30.00;-30.00;16.20;-18.30;-18.10;-20.49;14.90;5.40
13:10:49;-18.10;-30.00;-29.99;16.20;-18.30;-18.10;-20.48;14.90;5.50
13:10:51;-18.10;-30.00;-29.99;16.20;-18.30;-18.10;-20.50;14.90;5.50
13:10:53;-18.10;-30.00;-29.99;16.20;-18.30;-18.10;-20.50;14.90;5.50
13:10:55;-18.10;-30.00;-29.98;16.20;-18.30;-18.10;-20.50;14.90;5.50
13:10:57;-18.10;-30.00;-30.00;16.20;-18.30;-18.10;-20.49;15.00;5.40
13:10:59;-18.10;-30.00;-30.01;16.20;-18.30;-18.10;-20.51;15.00;5.40
13:11:01;-18.10;-30.00;-30.01;16.20;-18.30;-18.10;-20.51;14.90;5.50
13:11:03;-18.10;-30.00;-29.99;16.20;-18.30;-18.10;-20.52;14.90;5.40
13:11:05;-18.10;-30.00;-29.99;16.20;-18.30;-18.10;-20.52;14.90;5.40
13:11:07;-18.10;-30.00;-29.99;16.20;-18.30;-18.10;-20.52;15.00;5.40
13:11:09;-18.10;-30.00;-29.99;16.20;-18.30;-18.10;-20.52;14.90;5.40
13:11:12;-18.10;-30.00;-30.00;16.20;-18.30;-18.10;-20.51;14.90;5.40
13:11:13;-18.10;-30.00;-29.99;16.20;-18.30;-18.10;-20.50;14.90;5.40
13:11:15;-18.10;-30.00;-30.00;16.20;-18.30;-18.10;-20.52;14.90;5.40
13:11:17;-18.10;-30.00;-30.00;16.20;-18.30;-18.20;-20.52;15.00;5.50
13:11:19;-18.10;-30.00;-30.00;16.20;-18.30;-18.10;-20.53;14.90;5.50
13:11:21;-18.10;-30.00;-29.99;16.20;-18.30;-18.10;-20.51;14.90;5.50
13:11:23;-18.10;-30.00;-30.00;16.20;-18.30;-18.20;-20.50;14.90;5.50
13:11:25;-18.10;-30.00;-30.00;16.20;-18.30;-18.10;-20.49;14.90;5.40
13:11:27;-18.10;-30.00;-29.98;16.20;-18.30;-18.10;-20.50;14.90;5.40
13:11:29;-18.10;-30.00;-29.99;16.20;-18.30;-18.10;-20.50;14.90;5.40
13:11:31;-18.10;-30.00;-30.00;16.10;-18.30;-18.10;-20.49;14.90;5.40
13:11:33;-18.10;-30.00;-30.01;16.20;-18.30;-18.10;-20.48;14.90;5.40
13:11:35;-18.10;-30.00;-30.00;16.10;-18.30;-18.10;-20.47;14.90;5.50
13:11:37;-18.10;-30.00;-30.01;16.10;-18.30;-18.10;-20.48;14.90;5.50
13:11:39;-18.10;-30.00;-30.01;16.10;-18.30;-18.10;-20.48;14.90;5.40
13:11:41;-18.10;-30.00;-30.00;16.20;-18.30;-18.10;-20.47;15.00;5.40
13:11:43;-18.10;-30.00;-30.00;16.20;-18.30;-18.10;-20.49;15.00;5.40
13:11:45;-18.10;-30.00;-30.01;16.10;-18.30;-18.10;-20.48;15.00;5.40
13:11:47;-18.10;-30.00;-30.01;16.10;-18.30;-18.10;-20.48;15.00;5.40
13:11:49;-18.10;-30.00;-30.01;16.20;-18.30;-18.10;-20.49;15.00;5.40
13:11:51;-18.10;-30.00;-30.01;16.20;-18.30;-18.10;-20.50;15.00;5.40
13:11:53;-18.10;-30.00;-30.01;16.20;-18.30;-18.10;-20.50;15.00;5.40
13:11:55;-18.10;-30.00;-30.01;16.20;-18.30;-18.10;-20.48;15.00;5.40
13:11:57;-18.10;-30.00;-30.01;16.10;-18.30;-18.10;-20.48;15.00;5.40
13:11:59;-18.10;-30.00;-30.01;16.10;-18.30;-18.10;-20.47;15.00;5.40
13:12:01;-18.10;-30.00;-30.00;16.10;-18.30;-18.00;-20.48;15.10;5.40
13:12:03;-18.10;-30.00;-30.01;16.10;-18.30;-18.10;-20.48;15.10;5.40
13:12:05;-18.10;-30.00;-30.01;16.10;-18.30;-18.10;-20.47;15.10;5.50
13:12:07;-18.10;-30.00;-30.00;16.10;-18.30;-18.10;-20.48;15.00;5.40
13:12:09;-18.10;-30.00;-30.00;16.10;-18.30;-18.10;-20.49;15.00;5.40
13:12:11;-18.10;-30.00;-30.00;16.10;-18.30;-18.10;-20.48;15.00;5.40
13:12:13;-18.10;-30.00;-30.00;16.10;-18.30;-18.10;-20.49;15.00;5.50
13:12:15;-18.10;-30.00;-30.00;16.10;-18.30;-18.10;-20.49;15.00;5.50
13:12:17;-18.10;-30.00;-30.00;16.10;-18.30;-18.10;-20.49;15.00;5.40
13:12:19;-18.10;-30.00;-30.00;16.10;-18.30;-18.10;-20.46;15.00;5.40
13:12:21;-18.10;-30.00;-30.00;16.10;-18.30;-18.10;-20.44;15.00;5.40
13:12:23;-18.10;-30.00;-29.99;16.10;-18.30;-18.10;-20.45;15.00;5.40
13:12:25;-18.10;-30.00;-30.00;16.10;-18.30;-18.10;-20.45;15.00;5.40
13:12:27;-18.10;-30.00;-30.00;16.10;-18.30;-18.10;-20.45;15.00;5.40
13:12:29;-18.10;-30.00;-30.00;16.10;-18.30;-18.10;-20.44;15.10;5.40
13:12:31;-18.10;-30.00;-30.01;16.10;-18.30;-18.10;-20.45;15.10;5.50
13:12:34;-18.10;-30.00;-30.02;16.10;-18.30;-18.10;-20.45;15.10;5.40
13:12:35;-18.10;-30.00;-30.01;16.10;-18.30;-18.10;-20.46;15.00;5.40
13:12:37;-18.10;-30.00;-29.99;16.10;-18.30;-18.10;-20.46;15.10;5.40
13:12:39;-18.10;-30.00;-29.99;16.10;-18.30;-18.10;-20.46;15.10;5.50
13:12:41;-18.10;-30.00;-30.00;16.10;-18.30;-18.10;-20.45;15.10;5.40
13:12:43;-18.10;-30.00;-29.99;16.10;-18.30;-18.10;-20.45;15.10;5.40
13:12:45;-18.10;-30.00;-30.00;16.10;-18.30;-18.10;-20.46;15.10;5.50
13:12:47;-18.10;-30.00;-29.98;16.10;-18.30;-18.10;-20.45;15.10;5.50
13:12:49;-18.10;-30.00;-29.98;16.10;-18.30;-18.10;-20.45;15.10;5.40
13:12:51;-18.10;-30.00;-29.99;16.10;-18.30;-18.10;-20.46;15.10;5.40
13:12:53;-18.10;-30.00;-30.00;16.10;-18.30;-18.10;-20.44;15.10;5.40
13:12:55;-18.10;-30.00;-30.00;16.10;-18.30;-18.10;-20.46;15.10;5.40
13:12:57;-18.10;-30.00;-30.01;16.10;-18.30;-18.10;-20.46;15.10;5.40
13:12:59;-18.10;-30.00;-30.00;16.10;-18.30;-18.10;-20.44;15.10;5.40
13:13:01;-18.10;-30.00;-30.02;16.10;-18.30;-18.10;-20.46;15.10;5.40
13:13:03;-18.10;-30.00;-30.02;16.10;-18.30;-18.10;-20.45;15.10;5.40
13:13:05;-18.10;-30.00;-30.01;16.10;-18.30;-18.10;-20.44;15.10;5.40
13:13:07;-18.10;-30.00;-30.01;16.10;-18.30;-18.10;-20.44;15.10;5.40
13:13:09;-18.10;-30.00;-30.00;16.10;-18.30;-18.10;-20.45;15.10;5.40
13:13:11;-18.10;-30.00;-30.00;16.10;-18.30;-18.10;-20.45;15.10;5.50
13:13:14;-18.10;-30.00;-30.00;16.10;-18.30;-18.10;-20.45;15.10;5.40
13:13:15;-18.10;-30.00;-29.99;16.10;-18.30;-18.10;-20.46;15.10;5.50
13:13:17;-18.10;-30.00;-29.99;16.10;-18.30;-18.10;-20.44;15.10;5.40
13:13:19;-18.10;-30.00;-29.99;16.10;-18.30;-18.10;-20.45;15.10;5.50
13:13:21;-18.10;-30.00;-29.99;16.10;-18.30;-18.10;-20.45;15.10;5.50
13:13:23;-18.10;-30.00;-30.00;16.10;-18.30;-18.10;-20.45;15.10;5.40
13:13:25;-18.10;-30.00;-30.00;16.10;-18.30;-18.10;-20.44;15.20;5.40
13:13:27;-18.10;-30.00;-30.00;16.10;-18.30;-18.10;-20.44;15.10;5.40
13:13:29;-18.10;-30.00;-30.00;16.10;-18.30;-18.10;-20.43;15.10;5.40
13:13:31;-18.10;-30.00;-29.98;16.10;-18.30;-18.10;-20.42;15.10;5.40
13:13:33;-18.10;-30.00;-29.99;16.10;-18.30;-18.10;-20.40;15.10;5.40
13:13:35;-18.10;-30.00;-29.99;16.10;-18.30;-18.00;-20.41;15.10;5.50
13:13:37;-18.10;-30.00;-29.99;16.10;-18.30;-18.00;-20.41;15.10;5.40
13:13:39;-18.10;-30.00;-30.00;16.10;-18.30;-18.00;-20.42;15.10;5.40
13:13:41;-18.10;-30.00;-30.00;16.10;-18.30;-18.00;-20.40;15.10;5.50
13:13:43;-18.10;-30.00;-30.00;16.10;-18.30;-18.10;-20.41;15.10;5.40
13:13:45;-18.10;-30.00;-29.99;16.10;-18.30;-18.10;-20.41;15.10;5.40
13:13:47;-18.10;-30.00;-30.00;16.10;-18.30;-18.00;-20.41;15.10;5.50
13:13:49;-18.10;-30.00;-30.00;16.10;-18.30;-18.10;-20.42;15.10;5.50
13:13:51;-18.10;-30.00;-30.00;16.10;-18.30;-18.10;-20.41;15.20;5.50
13:13:53;-18.10;-30.00;-29.99;16.10;-18.30;-18.10;-20.42;15.20;5.40
13:13:55;-18.10;-30.00;-30.00;16.10;-18.30;-18.10;-20.44;15.20;5.40
13:13:57;-18.10;-30.00;-29.99;16.10;-18.30;-18.20;-20.43;15.20;5.40
13:13:59;-18.10;-30.00;-29.99;16.10;-18.30;-18.20;-20.43;15.20;5.40
13:14:01;-18.10;-30.00;-30.00;16.10;-18.30;-18.10;-20.43;15.20;5.40
13:14:03;-18.10;-30.00;-30.00;16.10;-18.30;-18.10;-20.41;15.20;5.40
13:14:05;-18.10;-30.00;-29.99;16.10;-18.30;-18.10;-20.42;15.20;5.40
13:14:07;-18.10;-30.00;-29.98;16.10;-18.30;-18.10;-20.43;15.20;5.40
13:14:09;-18.10;-30.00;-29.98;16.10;-18.30;-18.10;-20.46;15.20;5.50
13:14:11;-18.10;-30.00;-30.00;16.10;-18.30;-18.10;-20.44;15.20;5.40
13:14:13;-18.10;-30.00;-30.00;16.10;-18.30;-18.10;-20.45;15.20;5.40
13:14:15;-18.10;-30.00;-30.00;16.10;-18.30;-18.10;-20.47;15.20;5.50
13:14:17;-18.10;-30.00;-30.00;16.10;-18.30;-18.10;-20.48;15.20;5.40
13:14:19;-18.10;-30.00;-30.01;16.10;-18.30;-18.10;-20.48;15.20;5.40
13:14:21;-18.10;-30.00;-30.02;16.10;-18.30;-18.10;-20.49;15.30;5.40
13:14:23;-18.10;-30.00;-30.01;16.10;-18.30;-18.10;-20.49;15.30;5.40
13:14:25;-18.10;-30.00;-30.00;16.10;-18.30;-18.10;-20.50;15.30;5.40
13:14:27;-18.10;-30.00;-30.00;16.10;-18.30;-18.10;-20.50;15.30;5.50
13:14:29;-18.10;-30.00;-30.00;16.10;-18.30;-18.10;-20.52;15.30;5.40
13:14:31;-18.10;-30.00;-30.00;16.10;-18.30;-18.10;-20.53;15.30;5.40
13:14:33;-18.10;-30.00;-30.01;16.10;-18.30;-18.10;-20.51;15.30;5.50
13:14:35;-18.10;-30.00;-30.01;16.10;-18.30;-18.10;-20.52;15.30;5.40
13:14:38;-18.10;-30.00;-30.01;16.10;-18.30;-18.10;-20.53;15.30;5.50
13:14:39;-18.10;-30.00;-30.02;16.10;-18.30;-18.10;-20.55;15.30;5.50
13:14:41;-18.10;-30.00;-30.02;16.10;-18.30;-18.10;-20.54;15.30;5.40
13:14:43;-18.10;-30.00;-30.02;16.10;-18.30;-18.10;-20.56;15.30;5.40
13:14:45;-18.10;-30.00;-30.01;16.10;-18.30;-18.10;-20.56;15.30;5.40
13:14:47;-18.10;-30.00;-30.01;16.10;-18.30;-18.10;-20.55;15.30;5.40
13:14:50;-18.10;-30.00;-30.00;16.10;-18.30;-18.10;-20.56;15.30;5.40
13:14:51;-18.10;-30.00;-30.01;16.10;-18.30;-18.10;-20.56;15.30;5.50
13:14:53;-18.10;-30.00;-30.00;16.10;-18.30;-18.20;-20.58;15.30;5.50
13:14:55;-18.10;-30.00;-29.97;16.10;-18.30;-18.20;-20.59;15.30;5.40
13:14:57;-18.10;-30.00;-29.99;16.10;-18.30;-18.10;-20.59;15.30;5.40
13:15:00;-18.10;-30.00;-29.99;16.10;-18.30;-18.10;-20.60;15.30;5.40
13:15:01;-18.10;-30.00;-29.98;16.10;-18.30;-18.10;-20.60;15.30;5.40
13:15:03;-18.10;-30.00;-29.97;16.10;-18.30;-18.10;-20.58;15.30;5.40
13:15:05;-18.10;-30.00;-29.96;16.10;-18.30;-18.10;-20.58;15.30;5.40
13:15:07;-18.10;-30.00;-29.98;16.10;-18.30;-18.10;-20.58;15.20;5.40
13:15:09;-18.10;-30.00;-29.99;16.10;-18.30;-18.10;-20.58;15.30;5.40
13:15:11;-18.10;-30.00;-29.99;16.10;-18.30;-18.10;-20.58;15.20;5.40
13:15:13;-18.10;-30.00;-30.00;16.10;-18.30;-18.10;-20.59;15.20;5.40
13:15:15;-18.10;-30.00;-30.01;16.10;-18.30;-18.10;-20.60;15.30;5.40
13:15:17;-18.10;-30.00;-30.01;16.10;-18.30;-18.10;-20.61;15.30;5.40
13:15:20;-18.10;-30.00;-30.01;16.10;-18.30;-18.10;-20.59;15.30;5.50
13:15:22;-18.10;-30.00;-30.01;16.10;-18.30;-18.10;-20.61;15.30;5.40
13:15:24;-18.10;-30.00;-30.01;16.10;-18.30;-18.10;-20.62;15.30;5.40
13:15:26;-18.10;-30.00;-29.99;16.10;-18.30;-18.10;-20.62;15.30;5.40
