time (13.11.2024);target (PCB) temperature (C);chiller setpoint (C);chiller temperature (internal) (C);housing temperature (C);sensor box temperature (C);PCB temperature (C);Pt1000 temperature (C);housing humidity (%);sensor box humidity (%)
08:12:02;-18.10;-30.00;-29.98;17.60;-18.70;-18.10;-12.14;5.60;3.60
08:12:04;-18.10;-30.00;-30.00;17.60;-18.70;-18.10;-12.17;5.70;3.50
08:12:06;-18.10;-30.00;-30.00;17.60;-18.70;-18.10;-12.16;5.60;3.60
08:12:08;-18.10;-30.00;-29.99;17.60;-18.70;-18.10;-12.16;5.60;3.60
08:12:10;-18.10;-30.00;-30.00;17.60;-18.70;-18.10;-12.16;5.70;3.60
08:12:12;-18.10;-30.00;-30.00;17.60;-18.70;-18.10;-12.15;5.60;3.60
08:12:14;-18.10;-30.00;-30.00;17.60;-18.70;-18.10;-12.15;5.60;3.60
08:12:16;-18.10;-30.00;-30.00;17.60;-18.70;-18.10;-12.16;5.60;3.60
08:12:18;-18.10;-30.00;-30.00;17.60;-18.70;-18.10;-12.16;5.60;3.50
08:12:20;-18.10;-30.00;-30.00;17.60;-18.70;-18.10;-12.16;5.60;3.60
08:12:22;-18.10;-30.00;-30.01;17.60;-18.70;-18.10;-12.15;5.60;3.60
08:12:24;-18.10;-30.00;-30.00;17.60;-18.70;-18.10;-12.15;5.60;3.60
08:12:26;-18.10;-30.00;-30.00;17.60;-18.70;-18.10;-12.13;5.60;3.60
08:12:28;-18.10;-30.00;-30.00;17.60;-18.70;-18.10;-12.12;5.60;3.60
08:12:30;-18.10;-30.00;-30.00;17.60;-18.70;-18.10;-12.12;5.60;3.60
08:12:32;-18.10;-30.00;-30.01;17.60;-18.70;-18.10;-12.11;5.50;3.60
08:12:34;-18.10;-30.00;-29.98;17.60;-18.70;-18.10;-12.09;5.60;3.60
08:12:36;-18.10;-30.00;-29.96;17.60;-18.70;-18.10;-12.09;5.50;3.60
08:12:38;-18.10;-30.00;-29.98;17.60;-18.70;-18.00;-12.09;5.50;3.60
08:12:40;-18.10;-30.00;-29.99;17.60;-18.70;-18.10;-12.09;5.60;3.60
08:12:42;-18.10;-30.00;-30.00;17.60;-18.70;-18.10;-12.11;5.60;3.60
08:12:44;-18.10;-30.00;-29.99;17.60;-18.70;-18.10;-12.09;5.60;3.60
08:12:46;-18.10;-30.00;-30.00;17.60;-18.70;-18.00;-12.10;5.60;3.60
08:12:48;-18.10;-30.00;-30.00;17.60;-18.70;-18.10;-12.10;5.50;3.60
08:12:50;-18.10;-30.00;-30.00;17.60;-18.70;-18.10;-12.10;5.50;3.60
08:12:52;-18.10;-30.00;-30.00;17.60;-18.70;-18.10;-12.09;5.50;3.60
08:12:54;-18.10;-30.00;-29.99;17.60;-18.70;-18.10;-12.08;5.60;3.50
08:12:56;-18.10;-30.00;-30.00;17.60;-18.70;-18.00;-12.08;5.50;3.60
08:12:58;-18.10;-30.00;-30.00;17.60;-18.70;-18.10;-12.07;5.50;3.50
08:13:00;-18.10;-30.00;-30.00;17.60;-18.70;-18.10;-12.07;5.50;3.60
08:13:02;-18.10;-30.00;-29.99;17.60;-18.70;-18.10;-12.06;5.50;3.60
08:13:04;-18.10;-30.00;-30.00;17.60;-18.70;-18.10;-12.06;5.50;3.60
08:13:06;-18.10;-30.00;-30.00;17.60;-18.70;-18.10;-12.06;5.50;3.60
08:13:08;-18.10;-30.00;-30.01;17.60;-18.70;-18.10;-12.05;5.50;3.50
08:13:10;-18.10;-30.00;-30.02;17.60;-18.70;-18.10;-12.04;5.50;3.60
08:13:12;-18.10;-30.00;-30.02;17.50;-18.70;-18.10;-12.05;5.50;3.60
08:13:14;-18.10;-30.00;-30.01;17.50;-18.70;-18.10;-12.05;5.50;3.60
08:13:16;-18.10;-30.00;-30.00;17.60;-18.70;-18.10;-12.05;5.50;3.60
08:13:18;-18.10;-30.00;-29.99;17.60;-18.70;-18.10;-12.04;5.50;3.50
08:13:20;-18.10;-30.00;-29.99;17.60;-18.70;-18.00;-12.03;5.50;3.60
08:13:22;-18.10;-30.00;-30.00;17.60;-18.70;-18.10;-12.05;5.50;3.60
08:13:24;-18.10;-30.00;-30.00;17.60;-18.70;-18.10;-12.05;5.50;3.60
08:13:26;-18.10;-30.00;-30.00;17.60;-18.70;-18.10;-12.05;5.50;3.60
08:13:28;-18.10;-30.00;-30.00;17.50;-18.70;-18.10;-12.03;5.50;3.60
08:13:30;-18.10;-30.00;-30.01;17.50;-18.70;-18.10;-12.03;5.50;3.60
08:13:32;-18.10;-30.00;-30.00;17.60;-18.70;-18.10;-12.01;5.50;3.50
08:13:34;-18.10;-30.00;-29.97;17.50;-18.70;-18.10;-12.01;5.50;3.60
08:13:36;-18.10;-30.00;-29.99;17.50;-18.70;-18.10;-12.03;5.50;3.60
08:13:38;-18.10;-30.00;-30.01;17.50;-18.70;-18.00;-12.02;5.50;3.60
08:13:40;-18.10;-30.00;-30.00;17.50;-18.70;-18.10;-12.01;5.50;3.60
08:13:42;-18.10;-30.00;-30.00;17.50;-18.70;-18.10;-12.02;5.50;3.60
08:13:44;-18.10;-30.00;-30.00;17.50;-18.70;-18.10;-12.01;5.50;3.60
08:13:46;-18.10;-30.00;-30.00;17.50;-18.70;-18.10;-12.01;5.50;3.60
08:13:48;-18.10;-30.00;-30.02;17.50;-18.70;-18.10;-12.01;5.50;3.60
08:13:50;-18.10;-30.00;-30.03;17.50;-18.70;-18.10;-12.02;5.50;3.50
08:13:52;-18.10;-30.00;-30.02;17.50;-18.70;-18.10;-12.02;5.50;3.60
08:13:54;-18.10;-30.00;-30.03;17.50;-18.70;-18.10;-12.01;5.50;3.60
08:13:56;-18.10;-30.00;-30.02;17.50;-18.70;-18.10;-12.01;5.40;3.50
08:13:58;-18.10;-30.00;-30.02;17.50;-18.70;-18.10;-12.02;5.40;3.50
08:14:00;-18.10;-30.00;-30.00;17.50;-18.70;-18.10;-12.01;5.50;3.60
08:14:02;-18.10;-30.00;-29.99;17.50;-18.70;-18.10;-12.01;5.40;3.60
08:14:04;-18.10;-30.00;-29.97;17.50;-18.70;-18.10;-12.00;5.40;3.60
08:14:06;-18.10;-30.00;-29.99;17.50;-18.70;-18.10;-11.99;5.40;3.60
08:14:08;-18.10;-30.00;-30.01;17.50;-18.70;-18.10;-11.98;5.40;3.60
08:14:10;-18.10;-30.00;-30.01;17.50;-18.70;-18.10;-11.98;5.50;3.60
08:14:12;-18.10;-30.00;-30.01;17.50;-18.70;-18.10;-11.99;5.50;3.60
08:14:14;-18.10;-30.00;-30.00;17.50;-18.70;-18.10;-12.00;5.40;3.50
08:14:16;-18.10;-30.00;-30.01;17.50;-18.70;-18.10;-12.00;5.40;3.50
08:14:18;-18.10;-30.00;-30.02;17.50;-18.70;-18.10;-12.00;5.40;3.50
08:14:20;-18.10;-30.00;-30.02;17.50;-18.70;-18.10;-11.99;5.40;3.50
08:14:22;-18.10;-30.00;-30.01;17.50;-18.70;-18.10;-11.99;5.40;3.60
08:14:24;-18.10;-30.00;-30.01;17.50;-18.70;-18.00;-11.98;5.40;3.50
08:14:26;-18.10;-30.00;-30.00;17.50;-18.70;-18.00;-11.98;5.40;3.50
08:14:28;-18.10;-30.00;-30.00;17.50;-18.70;-18.00;-11.97;5.40;3.60
08:14:30;-18.10;-30.00;-29.98;17.50;-18.70;-18.00;-11.96;5.40;3.50
08:14:32;-18.10;-30.00;-29.98;17.50;-18.70;-18.00;-11.96;5.40;3.60
08:14:34;-18.10;-30.00;-29.99;17.50;-18.70;-18.00;-11.97;5.40;3.50
08:14:36;-18.10;-30.00;-29.99;17.50;-18.70;-18.10;-11.96;5.40;3.60
08:14:38;-18.10;-30.00;-30.01;17.50;-18.70;-18.10;-11.97;5.40;3.60
08:14:40;-18.10;-30.00;-30.01;17.50;-18.70;-18.10;-11.98;5.40;3.60
08:14:42;-18.10;-30.00;-30.00;17.50;-18.70;-18.10;-11.98;5.40;3.60
08:14:44;-18.10;-30.00;-30.00;17.50;-18.70;-18.10;-11.97;5.40;3.60
08:14:46;-18.10;-30.00;-30.00;17.50;-18.70;-18.10;-11.99;5.40;3.60
08:14:48;-18.10;-30.00;-30.00;17.50;-18.70;-18.10;-11.99;5.40;3.50
08:14:50;-18.10;-30.00;-30.01;17.50;-18.70;-18.10;-11.98;5.40;3.60
08:14:52;-18.10;-30.00;-30.00;17.50;-18.70;-18.10;-11.97;5.40;3.60
08:14:54;-18.10;-30.00;-30.00;17.50;-18.70;-18.10;-11.96;5.40;3.60
08:14:56;-18.10;-30.00;-30.00;17.50;-18.70;-18.10;-11.96;5.40;3.60
08:14:58;-18.10;-30.00;-30.00;17.50;-18.70;-18.10;-11.96;5.40;3.60
08:15:00;-18.10;-30.00;-29.99;17.50;-18.70;-18.10;-11.96;5.30;3.60
08:15:02;-18.10;-30.00;-29.99;17.50;-18.70;-18.10;-11.96;5.40;3.60
08:15:04;-18.10;-30.00;-30.00;17.50;-18.70;-18.10;-11.96;5.40;3.50
08:15:06;-18.10;-30.00;-30.00;17.50;-18.70;-18.10;-11.96;5.40;3.60
08:15:08;-18.10;-30.00;-30.00;17.50;-18.70;-18.10;-11.96;5.40;3.60
08:15:10;-18.10;-30.00;-30.00;17.50;-18.70;-18.10;-11.96;5.40;3.60
08:15:12;-18.10;-30.00;-30.01;17.50;-18.70;-18.10;-11.96;5.30;3.60
08:15:14;-18.10;-30.00;-30.02;17.50;-18.70;-18.10;-11.97;5.30;3.60
08:15:16;-18.10;-30.00;-30.01;17.50;-18.70;-18.10;-11.96;5.30;3.60
08:15:18;-18.10;-30.00;-30.01;17.50;-18.70;-18.10;-11.96;5.40;3.50
08:15:20;-18.10;-30.00;-30.02;17.50;-18.70;-18.10;-11.97;5.30;3.60
08:15:22;-18.10;-30.00;-30.01;17.50;-18.70;-18.10;-11.97;5.30;3.60
08:15:24;-18.10;-30.00;-30.01;17.50;-18.70;-18.10;-11.96;5.30;3.60
08:15:26;-18.10;-30.00;-30.00;17.50;-18.70;-18.10;-11.95;5.30;3.60
08:15:28;-18.10;-30.00;-30.00;17.50;-18.70;-18.10;-11.96;5.30;3.60
08:15:30;-18.10;-30.00;-30.01;17.50;-18.70;-18.10;-11.97;5.30;3.60
08:15:32;-18.10;-30.00;-30.01;17.50;-18.70;-18.10;-11.97;5.30;3.60
08:15:34;-18.10;-30.00;-30.01;17.50;-18.70;-18.10;-11.96;5.30;3.60
08:15:36;-18.10;-30.00;-30.00;17.50;-18.70;-18.10;-11.95;5.30;3.60
08:15:38;-18.10;-30.00;-30.00;17.50;-18.70;-18.10;-11.94;5.30;3.50
08:15:40;-18.10;-30.00;-29.98;17.50;-18.70;-18.10;-11.92;5.30;3.50
08:15:42;-18.10;-30.00;-29.99;17.50;-18.70;-18.10;-11.92;5.30;3.60
08:15:44;-18.10;-30.00;-29.99;17.50;-18.70;-18.10;-11.93;5.30;3.50
08:15:46;-18.10;-30.00;-30.00;17.50;-18.70;-18.10;-11.92;5.30;3.50
08:15:48;-18.10;-30.00;-30.00;17.50;-18.70;-18.10;-11.92;5.30;3.60
08:15:50;-18.10;-30.00;-30.00;17.50;-18.70;-18.10;-11.91;5.30;3.60
08:15:52;-18.10;-30.00;-30.00;17.50;-18.70;-18.10;-11.91;5.30;3.50
08:15:54;-18.10;-30.00;-30.01;17.50;-18.70;-18.10;-11.90;5.30;3.60
08:15:56;-18.10;-30.00;-30.01;17.50;-18.70;-18.10;-11.90;5.30;3.60
08:15:58;-18.10;-30.00;-30.00;17.50;-18.70;-18.10;-11.90;5.20;3.60
08:16:00;-18.10;-30.00;-30.00;17.50;-18.70;-18.10;-11.89;5.30;3.60
08:16:02;-18.10;-30.00;-30.00;17.50;-18.70;-18.10;-11.88;5.20;3.60
08:16:04;-18.10;-30.00;-30.00;17.50;-18.70;-18.10;-11.89;5.30;3.50
08:16:06;-18.10;-30.00;-30.01;17.50;-18.70;-18.10;-11.88;5.20;3.60
08:16:08;-18.10;-30.00;-30.01;17.50;-18.70;-18.10;-11.89;5.20;3.60
08:16:10;-18.10;-30.00;-30.01;17.50;-18.70;-18.10;-11.90;5.20;3.60
08:16:12;-18.10;-30.00;-30.00;17.40;-18.70;-18.10;-11.90;5.30;3.60
08:16:14;-18.10;-30.00;-30.00;17.40;-18.70;-18.10;-11.90;5.20;3.60
08:16:16;-18.10;-30.00;-30.00;17.40;-18.70;-18.10;-11.88;5.30;3.60
08:16:18;-18.10;-30.00;-30.00;17.40;-18.70;-18.10;-11.88;5.20;3.60
08:16:20;-18.10;-30.00;-29.98;17.50;-18.70;-18.10;-11.87;5.30;3.60
08:16:22;-18.10;-30.00;-29.96;17.40;-18.70;-18.10;-11.87;5.30;3.60
08:16:24;-18.10;-30.00;-29.98;17.40;-18.70;-18.10;-11.85;5.20;3.60
08:16:26;-18.10;-30.00;-29.99;17.40;-18.70;-18.10;-11.84;5.20;3.60
08:16:28;-18.10;-30.00;-30.01;17.40;-18.70;-18.20;-11.82;5.20;3.60
08:16:30;-18.10;-30.00;-30.01;17.40;-18.70;-18.10;-11.81;5.20;3.60
08:16:32;-18.10;-30.00;-30.00;17.40;-18.70;-18.10;-11.80;5.20;3.60
08:16:34;-18.10;-30.00;-30.01;17.40;-18.70;-18.10;-11.79;5.20;3.60
08:16:36;-18.10;-30.00;-30.02;17.40;-18.70;-18.10;-11.76;5.20;3.60
08:16:38;-18.10;-30.00;-30.01;17.40;-18.70;-18.20;-11.74;5.20;3.60
08:16:40;-18.10;-30.00;-30.01;17.40;-18.70;-18.10;-11.59;5.20;3.50
08:16:42;-18.10;-30.00;-29.99;17.40;-18.70;-18.10;-11.42;5.20;3.50
08:16:44;-18.10;-30.00;-29.99;17.40;-18.70;-18.10;-11.35;5.20;3.60
08:16:46;-18.10;-30.00;-29.98;17.40;-18.70;-18.10;-11.31;5.20;3.60
08:16:48;-18.10;-30.00;-29.97;17.40;-18.70;-18.10;-11.18;5.20;3.60
08:16:50;-18.10;-30.00;-29.97;17.40;-18.70;-18.10;-11.10;5.20;3.60
08:16:52;-18.10;-30.00;-29.97;17.40;-18.70;-18.10;-11.08;5.20;3.60
08:16:54;-18.10;-30.00;-29.97;17.40;-18.70;-18.10;-11.06;5.20;3.60
08:16:56;-18.10;-30.00;-29.97;17.40;-18.70;-18.10;-11.06;5.20;3.60
08:16:58;-18.10;-30.00;-29.99;17.40;-18.70;-18.20;-11.04;5.20;3.60
08:17:00;-18.10;-30.00;-30.00;17.40;-18.70;-18.20;-11.00;5.20;3.60
08:17:02;-18.10;-30.00;-30.01;17.40;-18.70;-18.20;-10.99;5.20;3.60
08:17:04;-18.10;-30.00;-30.00;17.40;-18.70;-18.10;-10.98;5.20;3.60
08:17:06;-18.10;-30.00;-30.00;17.40;-18.70;-18.10;-10.98;5.20;3.60
08:17:08;-18.10;-30.00;-30.01;17.40;-18.70;-18.20;-10.96;5.20;3.60
08:17:10;-18.10;-30.00;-30.01;17.40;-18.70;-18.10;-10.85;5.20;3.60
08:17:12;-18.10;-30.00;-30.01;17.40;-18.70;-18.20;-10.75;5.20;3.60
08:17:14;-18.10;-30.00;-30.02;17.40;-18.70;-18.20;-10.67;5.20;3.60
08:17:16;-18.10;-30.00;-30.01;17.40;-18.70;-18.20;-10.60;5.20;3.50
08:17:18;-18.10;-30.00;-29.99;17.40;-18.70;-18.20;-10.54;5.20;3.60
08:17:20;-18.10;-30.00;-29.99;17.40;-18.70;-18.20;-10.45;5.20;3.50
08:17:22;-18.10;-30.00;-30.00;17.40;-18.70;-18.20;-10.16;5.20;3.60
08:17:24;-18.10;-30.00;-29.99;17.40;-18.70;-18.20;-8.80;5.10;3.60
08:17:26;-18.10;-30.00;-29.99;17.40;-18.70;-18.20;-8.57;5.10;3.60
08:17:28;-18.10;-30.00;-30.01;17.40;-18.70;-18.10;-8.51;5.10;3.60
08:17:30;-18.10;-30.00;-30.01;17.40;-18.70;-18.20;-8.38;5.20;3.60
08:17:32;-18.10;-30.00;-30.01;17.40;-18.70;-18.20;-8.30;5.10;3.60
08:17:34;-18.10;-30.00;-30.02;17.40;-18.70;-18.10;-8.28;5.10;3.60
08:17:36;-18.10;-30.00;-30.01;17.40;-18.70;-18.10;-8.26;5.10;3.50
08:17:38;-18.10;-30.00;-29.99;17.40;-18.70;-18.10;-8.28;5.20;3.60
08:17:40;-18.10;-30.00;-29.97;17.40;-18.70;-18.10;-8.24;5.10;3.60
08:17:42;-18.10;-30.00;-29.98;17.40;-18.70;-18.10;-8.14;5.20;3.60
08:17:44;-18.10;-30.00;-30.00;17.40;-18.70;-18.10;0.59;5.10;3.50
08:17:46;-18.10;-30.00;-30.01;17.40;-18.70;-18.10;0.93;5.20;3.60
08:17:48;-18.10;-30.00;-30.02;17.40;-18.70;-18.10;0.80;5.20;3.60
08:17:50;-18.10;-30.00;-30.01;17.40;-18.70;-18.10;0.51;5.20;3.50
08:17:52;-18.10;-30.00;-29.97;17.40;-18.70;-18.10;0.11;5.20;3.60
08:17:54;-18.10;-30.00;-29.98;17.40;-18.70;-18.10;0.18;5.10;3.60
08:17:56;-18.10;-30.00;-30.00;17.40;-18.70;-18.10;-0.42;5.10;3.60
08:17:58;-18.10;-30.00;-29.99;17.40;-18.70;-18.10;-0.69;5.10;3.60
08:18:00;-18.10;-30.00;-29.99;17.30;-18.70;-18.10;-0.74;5.20;3.60
08:18:02;-18.10;-30.00;-30.01;17.30;-18.70;-18.10;-0.96;5.20;3.60
08:18:04;-18.10;-30.00;-30.03;17.40;-18.70;-18.10;-1.28;5.10;3.60
08:18:06;-18.10;-30.00;-30.04;17.40;-18.70;-18.20;1.31;5.10;3.60
08:18:08;-18.10;-30.00;-30.03;17.40;-18.70;-18.10;1.05;5.10;3.60
08:18:10;-18.10;-30.00;-30.02;17.40;-18.70;-18.20;0.69;5.10;3.60
08:18:12;-18.10;-30.00;-30.01;17.40;-18.70;-18.20;0.47;5.10;3.60
08:18:14;-18.10;-30.00;-30.00;17.30;-18.70;-18.20;0.29;5.10;3.50
08:18:16;-18.10;-30.00;-30.00;17.30;-18.70;-18.20;0.03;5.10;3.60
08:18:18;-18.10;-30.00;-30.00;17.30;-18.70;-18.20;-0.19;5.10;3.50
08:18:20;-18.10;-30.00;-29.98;17.30;-18.70;-18.20;-0.51;5.10;3.60
08:18:22;-18.10;-30.00;-29.97;17.40;-18.70;-18.20;-1.13;5.10;3.60
08:18:24;-18.10;-30.00;-29.94;17.30;-18.70;-18.20;-1.68;5.10;3.60
08:18:26;-18.10;-30.00;-29.97;17.30;-18.70;-18.20;-1.80;5.10;3.60
08:18:28;-18.10;-30.00;-29.98;17.30;-18.70;-18.10;-1.83;5.10;3.50
08:18:30;-18.10;-30.00;-30.00;17.30;-18.70;-18.20;-1.87;5.10;3.50
08:18:32;-18.10;-30.00;-30.01;17.30;-18.70;-18.20;-2.03;5.10;3.60
08:18:34;-18.10;-30.00;-30.01;17.30;-18.70;-18.10;-1.70;5.10;3.50
08:18:36;-18.10;-30.00;-30.00;17.30;-18.70;-18.10;-1.10;5.10;3.50
08:18:38;-18.10;-30.00;-30.01;17.30;-18.70;-18.10;-10.24;5.10;3.60
08:18:40;-18.10;-30.00;-30.02;17.30;-18.70;-18.10;-10.35;5.10;3.60
08:18:42;-18.10;-30.00;-30.02;17.30;-18.70;-18.10;-10.35;5.10;3.60
08:18:44;-18.10;-30.00;-30.02;17.30;-18.70;-18.10;-10.34;5.10;3.60
08:18:46;-18.10;-30.00;-30.03;17.20;-18.70;-18.10;-10.33;5.10;3.60
08:18:48;-18.10;-30.00;-30.03;17.30;-18.70;-18.10;-10.31;5.10;3.60
08:18:50;-18.10;-30.00;-30.03;17.30;-18.70;-18.10;-10.31;5.10;3.60
08:18:52;-18.10;-30.00;-30.02;17.30;-18.70;-18.10;-10.30;5.10;3.60
08:18:54;-18.10;-30.00;-30.02;17.20;-18.70;-18.10;-10.28;5.10;3.50
08:18:56;-18.10;-30.00;-30.02;17.20;-18.70;-18.10;-10.29;5.10;3.60
08:18:58;-18.10;-30.00;-30.01;17.20;-18.70;-18.10;-10.29;5.10;3.60
08:19:00;-18.10;-30.00;-29.99;17.20;-18.70;-18.10;-10.28;5.10;3.60
08:19:02;-18.10;-30.00;-30.00;17.20;-18.70;-18.10;-10.28;5.10;3.60
08:19:04;-18.10;-30.00;-30.00;17.20;-18.70;-18.10;-10.27;5.10;3.60
08:19:06;-18.10;-30.00;-30.00;17.30;-18.70;-18.10;-10.25;5.10;3.60
08:19:08;-18.10;-30.00;-29.99;17.20;-18.70;-18.10;-10.25;5.10;3.60
08:19:10;-18.10;-30.00;-29.98;17.20;-18.70;-18.10;-10.23;5.10;3.60
08:19:12;-18.10;-30.00;-29.98;17.20;-18.70;-18.10;-10.23;5.10;3.50
08:19:14;-18.10;-30.00;-29.99;17.20;-18.70;-18.10;-10.23;5.10;3.60
08:19:16;-18.10;-30.00;-30.00;17.20;-18.70;-18.10;-10.21;5.10;3.60
08:19:18;-18.10;-30.00;-30.01;17.20;-18.70;-18.10;-10.21;5.10;3.60
08:19:20;-18.10;-30.00;-30.01;17.20;-18.70;-18.10;-10.20;5.00;3.50
08:19:22;-18.10;-30.00;-30.01;17.20;-18.70;-18.10;-10.20;5.10;3.60
08:19:24;-18.10;-30.00;-30.00;17.20;-18.70;-18.10;-10.19;5.10;3.60
08:19:26;-18.10;-30.00;-29.99;17.20;-18.70;-18.10;-10.18;5.00;3.60
08:19:28;-18.10;-30.00;-29.99;17.20;-18.70;-18.10;-10.16;5.00;3.60
08:19:30;-18.10;-30.00;-30.00;17.20;-18.70;-18.10;-10.14;5.00;3.60
08:19:32;-18.10;-30.00;-30.01;17.20;-18.70;-18.10;-10.10;5.00;3.60
08:19:34;-18.10;-30.00;-30.01;17.20;-18.70;-18.10;-10.07;5.00;3.60
08:19:36;-18.10;-30.00;-30.00;17.20;-18.70;-18.10;-10.02;5.00;3.60
08:19:38;-18.10;-30.00;-30.00;17.20;-18.70;-18.10;-10.02;5.00;3.60
08:19:40;-18.10;-30.00;-30.00;17.20;-18.70;-18.10;-9.98;5.10;3.60
08:19:42;-18.10;-30.00;-30.01;17.20;-18.70;-18.10;-9.94;5.00;3.60
08:19:44;-18.10;-30.00;-29.99;17.20;-18.70;-18.10;-9.82;5.00;3.60
08:19:46;-18.10;-30.00;-30.00;17.20;-18.70;-18.10;-9.66;5.00;3.50
08:19:48;-18.10;-30.00;-30.00;17.20;-18.70;-18.10;-9.38;5.00;3.60
08:19:50;-18.10;-30.00;-30.00;17.20;-18.70;-18.10;-9.16;5.00;3.60
08:19:52;-18.10;-30.00;-30.00;17.20;-18.70;-18.10;-3.28;5.00;3.60
08:19:54;-18.10;-30.00;-30.00;17.20;-18.70;-18.10;-3.75;5.00;3.60
08:19:56;-18.10;-30.00;-30.00;17.20;-18.70;-18.10;-4.11;5.00;3.60
08:19:58;-18.10;-30.00;-30.00;17.20;-18.70;-18.10;-4.35;5.00;3.60
08:20:00;-18.10;-30.00;-30.00;17.20;-18.70;-18.10;-4.09;5.00;3.50
08:20:02;-18.10;-30.00;-29.99;17.20;-18.70;-18.10;-4.36;5.00;3.60
08:20:04;-18.10;-30.00;-30.00;17.20;-18.70;-18.10;-4.08;5.00;3.60
08:20:06;-18.10;-30.00;-30.01;17.20;-18.70;-18.10;-4.07;5.00;3.60
08:20:08;-18.10;-30.00;-30.02;17.20;-18.70;-18.10;-4.03;5.00;3.60
08:20:10;-18.10;-30.00;-30.03;17.20;-18.70;-18.10;-0.57;5.00;3.60
08:20:12;-18.10;-30.00;-30.02;17.20;-18.70;-18.10;-1.12;5.00;3.60
08:20:14;-18.10;-30.00;-30.02;17.20;-18.70;-18.10;-1.70;5.00;3.60
08:20:16;-18.10;-30.00;-30.00;17.20;-18.70;-18.10;-2.10;5.00;3.50
08:20:18;-18.10;-30.00;-29.98;17.20;-18.70;-18.10;-2.25;5.00;3.60
08:20:20;-18.10;-30.00;-29.97;17.20;-18.70;-18.10;-2.39;5.00;3.60
08:20:22;-18.10;-30.00;-29.99;17.20;-18.70;-18.10;-2.54;5.00;3.50
08:20:24;-18.10;-30.00;-30.00;17.20;-18.70;-18.10;-1.75;5.00;3.50
08:20:26;-18.10;-30.00;-29.99;17.20;-18.70;-18.10;0.25;5.00;3.50
08:20:28;-18.10;-30.00;-30.00;17.20;-18.70;-18.10;-0.30;5.00;3.60
08:20:30;-18.10;-30.00;-30.01;17.20;-18.70;-18.10;-0.84;5.00;3.60
08:20:32;-18.10;-30.00;-30.01;17.20;-18.70;-18.10;-1.23;5.00;3.60
08:20:34;-18.10;-30.00;-30.01;17.20;-18.70;-18.10;-1.49;5.00;3.60
08:20:36;-18.10;-30.00;-30.00;17.20;-18.70;-18.10;-1.79;5.00;3.60
08:20:38;-18.10;-30.00;-30.00;17.20;-18.70;-18.10;-2.13;5.00;3.60
08:20:40;-18.10;-30.00;-29.99;17.20;-18.70;-18.10;-2.54;5.00;3.60
08:20:42;-18.10;-30.00;-29.98;17.20;-18.70;-18.10;-2.79;5.00;3.60
08:20:44;-18.10;-30.00;-29.99;17.20;-18.70;-18.10;-2.97;5.00;3.60
08:20:46;-18.10;-30.00;-29.99;17.20;-18.70;-18.10;-3.08;5.00;3.60
08:20:48;-18.10;-30.00;-30.00;17.20;-18.70;-18.10;-3.19;5.00;3.60
08:20:50;-18.10;-30.00;-30.00;17.20;-18.70;-18.10;-3.31;5.00;3.60
08:20:52;-18.10;-30.00;-30.00;17.20;-18.70;-18.10;-3.41;5.00;3.60
08:20:54;-18.10;-30.00;-30.00;17.20;-18.70;-18.00;-3.45;5.00;3.50
08:20:56;-18.10;-30.00;-29.99;17.20;-18.70;-18.10;-10.64;5.00;3.50
08:20:58;-18.10;-30.00;-29.99;17.20;-18.70;-18.10;-10.75;5.00;3.50
08:21:00;-18.10;-30.00;-29.99;17.20;-18.70;-18.10;-10.81;5.00;3.60
08:21:02;-18.10;-30.00;-29.99;17.20;-18.70;-18.10;-10.83;5.00;3.60
08:21:04;-18.10;-30.00;-30.00;17.20;-18.70;-18.10;-10.84;5.00;3.60
08:21:06;-18.10;-30.00;-30.00;17.20;-18.70;-18.10;-10.85;5.00;3.50
08:21:08;-18.10;-30.00;-30.01;17.20;-18.70;-18.10;-10.86;5.00;3.60
08:21:10;-18.10;-30.00;-30.02;17.20;-18.70;-18.10;-10.87;5.00;3.50
08:21:12;-18.10;-30.00;-30.02;17.20;-18.70;-18.10;-10.88;5.00;3.60
08:21:14;-18.10;-30.00;-30.01;17.20;-18.70;-18.10;-10.87;5.00;3.60
08:21:16;-18.10;-30.00;-30.01;17.20;-18.70;-18.10;-10.87;5.00;3.60
08:21:18;-18.10;-30.00;-30.02;17.20;-18.70;-18.00;-10.87;5.00;3.50
08:21:20;-18.10;-30.00;-30.02;17.20;-18.70;-18.10;-10.87;5.00;3.60
08:21:22;-18.10;-30.00;-30.02;17.20;-18.70;-18.10;-10.87;5.00;3.60
08:21:24;-18.10;-30.00;-30.02;17.20;-18.70;-18.10;-10.87;5.00;3.60
08:21:26;-18.10;-30.00;-30.01;17.20;-18.70;-18.10;-10.88;5.00;3.60
08:21:28;-18.10;-30.00;-30.00;17.20;-18.70;-18.10;-10.87;5.00;3.60
08:21:30;-18.10;-30.00;-29.98;17.20;-18.70;-18.10;-10.87;5.00;3.60
08:21:32;-18.10;-30.00;-29.97;17.20;-18.70;-18.10;-10.87;5.00;3.50
08:21:34;-18.10;-30.00;-29.98;17.20;-18.70;-18.10;-10.86;5.00;3.60
08:21:36;-18.10;-30.00;-29.99;17.20;-18.70;-18.10;-10.86;5.00;3.50
08:21:38;-18.10;-30.00;-29.99;17.20;-18.70;-18.10;-10.85;5.00;3.50
08:21:40;-18.10;-30.00;-30.00;17.20;-18.70;-18.10;-10.87;5.00;3.60
08:21:42;-18.10;-30.00;-30.00;17.10;-18.70;-18.10;-10.88;4.90;3.60
08:21:44;-18.10;-30.00;-30.01;17.20;-18.70;-18.10;-10.88;5.00;3.50
08:21:46;-18.10;-30.00;-30.01;17.20;-18.70;-18.10;-10.86;5.00;3.60
08:21:48;-18.10;-30.00;-30.02;17.10;-18.70;-18.10;-10.86;5.00;3.50
08:21:50;-18.10;-30.00;-30.02;17.10;-18.70;-18.10;-10.85;5.00;3.60
08:21:52;-18.10;-30.00;-30.00;17.10;-18.70;-18.10;-10.85;5.00;3.60
08:21:54;-18.10;-30.00;-30.00;17.10;-18.70;-18.10;-10.84;5.00;3.50
08:21:56;-18.10;-30.00;-30.00;17.20;-18.70;-18.10;-10.84;5.00;3.60
08:21:58;-18.10;-30.00;-30.00;17.10;-18.70;-18.10;-10.84;5.00;3.60
08:22:00;-18.10;-30.00;-29.97;17.10;-18.70;-18.10;-10.84;5.00;3.60
08:22:02;-18.10;-30.00;-29.97;17.10;-18.70;-18.00;-10.85;4.90;3.60
08:22:04;-18.10;-30.00;-29.99;17.10;-18.70;-18.10;-10.84;4.90;3.50
08:22:06;-18.10;-30.00;-29.99;17.10;-18.70;-18.10;-10.83;5.00;3.50
08:22:08;-18.10;-30.00;-29.97;17.10;-18.70;-18.10;-10.82;5.00;3.50
08:22:10;-18.10;-30.00;-29.99;17.10;-18.70;-18.10;-10.83;5.00;3.50
08:22:12;-18.10;-30.00;-30.00;17.10;-18.70;-18.10;-10.84;4.90;3.60
08:22:14;-18.10;-30.00;-30.00;17.10;-18.70;-18.10;-10.83;4.90;3.60
08:22:16;-18.10;-30.00;-30.00;17.10;-18.70;-18.00;-10.83;4.90;3.60
08:22:18;-18.10;-30.00;-30.00;17.10;-18.70;-18.10;-10.85;4.90;3.60
08:22:20;-18.10;-30.00;-30.02;17.10;-18.70;-18.10;-10.83;4.90;3.60
08:22:22;-18.10;-30.00;-30.02;17.10;-18.70;-18.10;-10.84;4.90;3.50
08:22:24;-18.10;-30.00;-30.02;17.10;-18.70;-18.10;-10.83;4.90;3.60
08:22:26;-18.10;-30.00;-30.02;17.10;-18.70;-18.10;-10.81;5.00;3.60
08:22:28;-18.10;-30.00;-30.02;17.10;-18.70;-18.10;-10.81;4.90;3.50
08:22:30;-18.10;-30.00;-30.01;17.10;-18.70;-18.10;-10.79;4.90;3.60
08:22:32;-18.10;-30.00;-29.99;17.10;-18.70;-18.10;-10.80;4.90;3.60
08:22:34;-18.10;-30.00;-29.98;17.10;-18.70;-18.10;-10.80;4.90;3.60
08:22:36;-18.10;-30.00;-29.97;17.10;-18.70;-18.10;-10.80;4.90;3.60
08:22:38;-18.10;-30.00;-29.99;17.10;-18.70;-18.10;-10.79;4.90;3.50
08:22:40;-18.10;-30.00;-30.01;17.10;-18.70;-18.10;-10.78;4.90;3.60
08:22:42;-18.10;-30.00;-30.00;17.10;-18.70;-18.10;-10.78;4.90;3.60
08:22:44;-18.10;-30.00;-30.00;17.10;-18.70;-18.10;-10.77;4.90;3.50
08:22:46;-18.10;-30.00;-30.00;17.10;-18.70;-18.10;-10.77;4.90;3.60
08:22:48;-18.10;-30.00;-30.00;17.10;-18.70;-18.00;-10.77;4.90;3.50
08:22:50;-18.10;-30.00;-30.01;17.10;-18.70;-18.00;-10.76;4.90;3.50
08:22:52;-18.10;-30.00;-30.01;17.00;-18.70;-18.00;-10.75;4.90;3.60
08:22:54;-18.10;-30.00;-30.00;17.10;-18.70;-18.00;-10.75;4.90;3.60
08:22:56;-18.10;-30.00;-29.99;17.00;-18.70;-18.00;-10.74;4.90;3.60
08:22:58;-18.10;-30.00;-29.98;17.00;-18.70;-18.10;-10.73;4.90;3.50
08:23:00;-18.10;-30.00;-29.98;17.00;-18.70;-18.00;-10.73;4.90;3.60
08:23:02;-18.10;-30.00;-30.00;17.00;-18.70;-18.10;-10.74;4.90;3.50
08:23:04;-18.10;-30.00;-30.00;17.00;-18.70;-18.10;-10.74;4.90;3.50
08:23:06;-18.10;-30.00;-30.00;17.00;-18.70;-18.10;-10.75;4.90;3.50
08:23:08;-18.10;-30.00;-29.99;17.00;-18.70;-18.10;-10.75;4.90;3.50
08:23:10;-18.10;-30.00;-29.97;17.00;-18.70;-18.10;-10.74;4.90;3.50
08:23:12;-18.10;-30.00;-29.99;17.00;-18.70;-18.10;-10.73;4.90;3.50
08:23:14;-18.10;-30.00;-29.99;17.00;-18.70;-18.10;-10.73;4.90;3.50
08:23:16;-18.10;-30.00;-30.01;17.00;-18.70;-18.10;-10.73;4.90;3.60
08:23:18;-18.10;-30.00;-30.01;17.00;-18.70;-18.10;-10.72;4.90;3.60
08:23:20;-18.10;-30.00;-29.99;17.00;-18.70;-18.10;-10.71;4.90;3.60
08:23:22;-18.10;-30.00;-29.99;17.00;-18.70;-18.10;-10.70;4.90;3.60
08:23:24;-18.10;-30.00;-29.99;17.00;-18.70;-18.10;-10.70;4.90;3.50
08:23:26;-18.10;-30.00;-30.00;17.00;-18.70;-18.10;-10.70;4.90;3.60
08:23:28;-18.10;-30.00;-29.99;17.00;-18.70;-18.10;-10.70;4.90;3.60
08:23:30;-18.10;-30.00;-30.00;17.00;-18.70;-18.10;-10.70;4.90;3.50
08:23:32;-18.10;-30.00;-29.98;17.00;-18.70;-18.10;-10.70;4.90;3.50
08:23:34;-18.10;-30.00;-29.98;17.00;-18.70;-18.10;-10.69;4.90;3.50
08:23:36;-18.10;-30.00;-29.99;17.00;-18.70;-18.10;-10.68;4.90;3.50
08:23:38;-18.10;-30.00;-30.00;17.00;-18.70;-18.10;-10.69;4.90;3.60
08:23:40;-18.10;-30.00;-29.99;17.00;-18.70;-18.10;-10.68;4.90;3.50
08:23:42;-18.10;-30.00;-29.98;17.00;-18.70;-18.10;-10.67;4.90;3.60
08:23:44;-18.10;-30.00;-29.99;17.00;-18.70;-18.10;-10.65;4.90;3.50
08:23:46;-18.10;-30.00;-29.99;17.00;-18.70;-18.10;-10.65;4.90;3.50
08:23:48;-18.10;-30.00;-30.00;17.00;-18.70;-18.10;-10.65;4.90;3.50
08:23:50;-18.10;-30.00;-30.01;17.00;-18.70;-18.10;-10.66;4.90;3.60
08:23:52;-18.10;-30.00;-30.02;17.00;-18.70;-18.10;-10.66;4.90;3.60
08:23:54;-18.10;-30.00;-30.01;17.00;-18.70;-18.10;-10.66;4.90;3.50
08:23:56;-18.10;-30.00;-30.02;17.00;-18.70;-18.10;-10.65;4.80;3.50
08:23:58;-18.10;-30.00;-30.01;17.00;-18.70;-18.10;-10.65;4.90;3.50
08:24:00;-18.10;-30.00;-30.00;17.00;-18.70;-18.10;-10.65;4.90;3.50
08:24:02;-18.10;-30.00;-29.99;17.00;-18.70;-18.10;-10.65;4.90;3.50
08:24:04;-18.10;-30.00;-29.99;17.00;-18.70;-18.10;-10.66;4.90;3.60
08:24:06;-18.10;-30.00;-30.00;17.00;-18.70;-18.10;-10.65;4.90;3.50
08:24:08;-18.10;-30.00;-30.01;17.00;-18.70;-18.10;-10.65;4.90;3.60
08:24:10;-18.10;-30.00;-30.00;17.00;-18.70;-18.10;-10.64;4.90;3.60
08:24:12;-18.10;-30.00;-29.99;17.00;-18.70;-18.10;-10.65;4.90;3.50
08:24:14;-18.10;-30.00;-29.98;17.00;-18.70;-18.10;-10.66;4.90;3.50
08:24:16;-18.10;-30.00;-29.98;17.00;-18.70;-18.20;-10.65;4.90;3.50
08:24:18;-18.10;-30.00;-30.00;17.00;-18.70;-18.10;-10.65;4.90;3.60
08:24:20;-18.10;-30.00;-30.01;17.00;-18.70;-18.10;-10.64;4.80;3.50
08:24:22;-18.10;-30.00;-30.01;17.00;-18.70;-18.10;-10.64;4.90;3.50
08:24:24;-18.10;-30.00;-30.01;17.00;-18.70;-18.10;-10.65;4.90;3.50
08:24:26;-18.10;-30.00;-30.02;17.00;-18.70;-18.10;-10.64;4.80;3.50
08:24:28;-18.10;-30.00;-30.03;17.00;-18.70;-18.10;-10.63;4.90;3.60
08:24:30;-18.10;-30.00;-30.03;17.00;-18.70;-18.10;-10.64;4.90;3.60
08:24:32;-18.10;-30.00;-30.03;17.00;-18.70;-18.10;-10.65;4.90;3.50
08:24:34;-18.10;-30.00;-30.02;17.00;-18.70;-18.10;-10.65;4.90;3.60
08:24:36;-18.10;-30.00;-30.01;17.00;-18.70;-18.10;-10.64;4.90;3.60
08:24:38;-18.10;-30.00;-30.00;17.00;-18.70;-18.10;-10.64;4.90;3.50
08:24:40;-18.10;-30.00;-30.00;17.00;-18.70;-18.10;-10.64;4.80;3.50
08:24:42;-18.10;-30.00;-30.00;17.00;-18.70;-18.10;-10.64;4.80;3.50
08:24:44;-18.10;-30.00;-30.00;17.00;-18.70;-18.10;-10.64;4.80;3.50
08:24:46;-18.10;-30.00;-30.00;17.00;-18.70;-18.10;-10.62;4.90;3.50
08:24:48;-18.10;-30.00;-29.99;17.00;-18.70;-18.10;-10.62;4.90;3.50
08:24:50;-18.10;-30.00;-30.00;17.00;-18.70;-18.10;-10.62;4.90;3.50
08:24:52;-18.10;-30.00;-30.01;17.00;-18.70;-18.10;-10.61;4.90;3.50
08:24:54;-18.10;-30.00;-30.02;17.00;-18.70;-18.10;-10.62;4.90;3.50
08:24:56;-18.10;-30.00;-30.01;17.00;-18.70;-18.10;-10.61;4.90;3.50
08:24:58;-18.10;-30.00;-29.99;17.00;-18.70;-18.10;-10.60;4.90;3.50
08:25:00;-18.10;-30.00;-30.00;17.00;-18.70;-18.10;-10.59;4.80;3.50
08:25:02;-18.10;-30.00;-30.00;17.00;-18.70;-18.10;-10.59;4.80;3.50
08:25:04;-18.10;-30.00;-30.00;17.00;-18.70;-18.10;-10.58;4.90;3.60
08:25:06;-18.10;-30.00;-29.98;17.00;-18.70;-18.10;-10.57;4.90;3.50
08:25:08;-18.10;-30.00;-29.96;17.00;-18.70;-18.10;-10.55;4.80;3.50
08:25:10;-18.10;-30.00;-29.97;17.00;-18.70;-18.10;-10.54;4.90;3.60
08:25:12;-18.10;-30.00;-29.98;17.00;-18.70;-18.10;-10.52;4.90;3.60
08:25:14;-18.10;-30.00;-29.99;17.00;-18.70;-18.20;-10.52;4.90;3.50
08:25:16;-18.10;-30.00;-30.00;17.00;-18.70;-18.10;-10.49;4.90;3.60
08:25:18;-18.10;-30.00;-30.01;17.00;-18.70;-18.10;-10.47;4.90;3.50
08:25:20;-18.10;-30.00;-30.00;17.00;-18.70;-18.10;-10.46;4.90;3.60
