time (06.02.2024);target (PCB) temperature (C);chiller setpoint (C);chiller temperature (internal) (C);housing temperature (C);sensor box temperature (C);PCB temperature (C);Pt1000 temperature (C);housing humidity (%);sensor box humidity (%)
16:37:49;-18.10;-30.00;-30.02;18.10;-18.80;-18.10;-19.81;16.00;5.70
16:37:52;-18.10;-30.00;-30.01;18.10;-18.80;-18.10;-19.82;16.00;5.70
16:37:53;-18.10;-30.00;-30.01;18.10;-18.90;-18.10;-19.81;16.00;5.70
16:37:55;-18.10;-30.00;-30.01;18.10;-18.90;-18.20;-19.81;16.00;5.80
16:37:58;-18.10;-30.00;-30.01;18.10;-18.90;-18.10;-19.82;16.00;5.70
16:37:59;-18.10;-30.00;-30.00;18.20;-18.90;-18.10;-19.84;16.00;5.70
16:38:02;-18.10;-30.00;-30.00;18.10;-18.90;-18.10;-19.83;15.90;5.70
16:38:03;-18.10;-30.00;-30.00;18.20;-18.90;-18.10;-19.83;15.90;5.70
16:38:06;-18.10;-30.00;-29.97;18.10;-18.90;-18.10;-19.83;15.90;5.70
16:38:08;-18.10;-30.00;-29.95;18.10;-18.90;-18.10;-19.82;15.90;5.70
16:38:10;-18.10;-30.00;-29.98;18.10;-18.90;-18.10;-19.82;16.00;5.70
16:38:12;-18.10;-30.00;-30.01;18.10;-18.90;-18.20;-19.82;15.90;5.70
16:38:14;-18.10;-30.00;-30.03;18.10;-18.90;-18.10;-19.83;16.00;5.80
16:38:16;-18.10;-30.00;-30.03;18.10;-18.90;-18.10;-19.83;16.00;5.70
16:38:18;-18.10;-30.00;-30.03;18.10;-18.90;-18.10;-19.82;16.00;5.70
16:38:20;-18.10;-30.00;-30.03;18.10;-18.80;-18.10;-19.81;16.00;5.70
16:38:22;-18.10;-30.00;-30.03;18.10;-18.90;-18.10;-19.81;16.00;5.70
16:38:26;-18.10;-30.00;-30.02;18.10;-18.90;-18.10;-19.79;16.00;5.70
16:38:28;-18.10;-30.00;-30.00;18.10;-18.90;-18.10;-19.79;15.90;5.80
16:38:30;-18.10;-30.00;-29.99;18.10;-18.90;-18.10;-19.80;15.90;5.80
16:38:32;-18.10;-30.00;-30.01;18.10;-18.90;-18.10;-19.80;15.90;5.80
16:38:34;-18.10;-30.00;-29.99;18.10;-18.90;-18.10;-19.79;15.90;5.70
16:38:36;-18.10;-30.00;-29.98;18.10;-18.90;-18.10;-19.80;15.90;5.70
16:38:38;-18.10;-30.00;-29.99;18.10;-18.90;-18.10;-19.78;15.90;5.70
16:38:40;-18.10;-30.00;-30.01;18.10;-18.80;-18.10;-19.78;15.90;5.70
16:38:42;-18.10;-30.00;-30.00;18.10;-18.90;-18.10;-19.78;15.90;5.70
16:38:44;-18.10;-30.00;-29.95;18.10;-18.90;-18.10;-19.79;15.90;5.70
16:38:46;-18.10;-30.00;-29.96;18.10;-18.80;-18.10;-19.80;15.90;5.70
16:38:48;-18.10;-30.00;-29.98;18.10;-18.80;-18.10;-19.78;15.90;5.70
16:38:50;-18.10;-30.00;-30.00;18.10;-18.80;-18.10;-19.78;15.90;5.70
16:38:52;-18.10;-30.00;-30.01;18.10;-18.90;-18.10;-19.78;15.90;5.70
16:38:54;-18.10;-30.00;-30.03;18.10;-18.90;-18.10;-19.79;15.90;5.70
16:38:56;-18.10;-30.00;-30.02;18.10;-18.90;-18.10;-19.79;15.90;5.70
16:38:58;-18.10;-30.00;-30.01;18.10;-18.90;-18.10;-19.79;15.90;5.70
16:39:00;-18.10;-30.00;-30.02;18.10;-18.90;-18.10;-19.79;15.80;5.70
16:39:02;-18.10;-30.00;-30.00;18.10;-18.90;-18.10;-19.79;15.90;5.70
16:39:04;-18.10;-30.00;-30.00;18.10;-18.90;-18.10;-19.78;15.90;5.80
16:39:06;-18.10;-30.00;-29.99;18.10;-18.90;-18.10;-19.78;15.90;5.70
16:39:08;-18.10;-30.00;-29.99;18.10;-18.90;-18.10;-19.78;15.90;5.70
16:39:10;-18.10;-30.00;-30.01;18.10;-18.90;-18.10;-19.77;15.90;5.70
16:39:12;-18.10;-30.00;-30.02;18.10;-18.90;-18.10;-19.77;15.90;5.70
16:39:14;-18.10;-30.00;-30.01;18.10;-18.90;-18.10;-19.78;16.00;5.80
16:39:16;-18.10;-30.00;-30.01;18.10;-18.90;-18.10;-19.77;16.00;5.70
16:39:18;-18.10;-30.00;-30.00;18.10;-18.90;-18.10;-19.78;16.00;5.70
16:39:20;-18.10;-30.00;-30.01;18.10;-18.90;-18.10;-19.78;16.00;5.70
16:39:22;-18.10;-30.00;-30.01;18.10;-18.90;-18.10;-19.77;16.00;5.70
16:39:24;-18.10;-30.00;-30.01;18.10;-18.90;-18.10;-19.77;16.00;5.70
16:39:26;-18.10;-30.00;-30.00;18.10;-18.90;-18.10;-19.77;16.00;5.70
16:39:28;-18.10;-30.00;-29.98;18.10;-18.90;-18.10;-19.77;16.00;5.70
16:39:30;-18.10;-30.00;-29.94;18.10;-18.90;-18.10;-19.77;16.00;5.70
16:39:32;-18.10;-30.00;-29.97;18.10;-18.90;-18.10;-19.76;16.00;5.70
16:39:34;-18.10;-30.00;-29.99;18.10;-18.90;-18.10;-19.75;15.90;5.70
16:39:36;-18.10;-30.00;-30.01;18.10;-18.90;-18.10;-19.76;15.90;5.70
16:39:38;-18.10;-30.00;-30.02;18.10;-18.90;-18.10;-19.77;15.90;5.70
16:39:40;-18.10;-30.00;-30.01;18.10;-18.90;-18.10;-19.77;15.90;5.70
16:39:42;-18.10;-30.00;-30.02;18.10;-18.80;-18.10;-19.77;15.90;5.70
16:39:44;-18.10;-30.00;-30.03;18.10;-18.80;-18.10;-19.78;15.90;5.70
16:39:46;-18.10;-30.00;-30.02;18.10;-18.80;-18.10;-19.78;15.90;5.70
16:39:48;-18.10;-30.00;-30.00;18.10;-18.80;-18.10;-19.76;15.90;5.70
16:39:50;-18.10;-30.00;-30.03;18.10;-18.80;-18.10;-19.76;15.90;5.70
16:39:52;-18.10;-30.00;-30.03;18.10;-18.80;-18.10;-19.75;15.90;5.70
16:39:54;-18.10;-30.00;-30.02;18.10;-18.80;-18.10;-19.74;15.90;5.70
16:39:56;-18.10;-30.00;-30.02;18.10;-18.80;-18.10;-19.74;15.80;5.70
16:39:58;-18.10;-30.00;-30.00;18.10;-18.80;-18.10;-19.75;15.90;5.70
16:40:00;-18.10;-30.00;-30.00;18.10;-18.80;-18.10;-19.74;15.90;5.70
16:40:02;-18.10;-30.00;-30.02;18.10;-18.80;-18.10;-19.75;15.80;5.70
16:40:04;-18.10;-30.00;-30.02;18.10;-18.90;-18.10;-19.73;15.90;5.70
16:40:06;-18.10;-30.00;-30.01;18.10;-18.90;-18.10;-19.73;15.80;5.70
16:40:08;-18.10;-30.00;-30.02;18.10;-18.80;-18.10;-19.74;15.80;5.70
16:40:10;-18.10;-30.00;-30.01;18.10;-18.90;-18.10;-19.75;15.90;5.70
16:40:12;-18.10;-30.00;-29.99;18.10;-18.80;-18.10;-19.76;15.90;5.70
16:40:14;-18.10;-30.00;-30.00;18.10;-18.90;-18.10;-19.76;15.90;5.70
16:40:16;-18.10;-30.00;-30.02;18.10;-18.90;-18.10;-19.76;15.90;5.70
16:40:18;-18.10;-30.00;-30.02;18.10;-18.90;-18.10;-19.75;15.90;5.70
16:40:20;-18.10;-30.00;-30.03;18.10;-18.90;-18.10;-19.74;15.90;5.80
16:40:22;-18.10;-30.00;-30.02;18.10;-18.90;-18.10;-19.75;15.80;5.70
16:40:24;-18.10;-30.00;-30.01;18.10;-18.80;-18.10;-19.75;15.90;5.70
16:40:26;-18.10;-30.00;-30.00;18.10;-18.90;-18.10;-19.75;15.90;5.70
16:40:28;-18.10;-30.00;-30.00;18.10;-18.90;-18.10;-19.75;15.90;5.70
16:40:30;-18.10;-30.00;-30.00;18.10;-18.90;-18.10;-19.76;15.80;5.70
16:40:32;-18.10;-30.00;-30.00;18.00;-18.90;-18.10;-19.75;15.80;5.70
16:40:34;-18.10;-30.00;-30.00;18.10;-18.80;-18.10;-19.75;15.80;5.70
16:40:36;-18.10;-30.00;-29.98;18.00;-18.90;-18.10;-19.75;15.90;5.70
16:40:38;-18.10;-30.00;-29.97;18.10;-18.80;-18.10;-19.75;15.90;5.70
16:40:40;-18.10;-30.00;-29.97;18.10;-18.90;-18.10;-19.76;15.90;5.70
16:40:42;-18.10;-30.00;-29.97;18.10;-18.90;-18.10;-19.75;15.90;5.70
16:40:44;-18.10;-30.00;-29.98;18.00;-18.90;-18.10;-19.75;15.90;5.70
16:40:46;-18.10;-30.00;-29.98;18.00;-18.90;-18.10;-19.75;15.90;5.70
16:40:48;-18.10;-30.00;-29.98;18.10;-18.90;-18.10;-19.75;15.90;5.70
16:40:50;-18.10;-30.00;-29.98;18.10;-18.90;-18.10;-19.75;15.90;5.70
16:40:52;-18.10;-30.00;-29.97;18.00;-18.90;-18.10;-19.75;15.90;5.70
16:40:54;-18.10;-30.00;-29.97;18.10;-18.90;-18.10;-19.75;15.90;5.70
16:40:56;-18.10;-30.00;-30.00;18.00;-18.90;-18.10;-19.75;15.90;5.70
16:40:58;-18.10;-30.00;-30.01;18.00;-18.90;-18.10;-19.75;15.90;5.70
16:41:00;-18.10;-30.00;-30.01;18.00;-18.90;-18.10;-19.75;15.90;5.70
16:41:02;-18.10;-30.00;-29.99;18.00;-18.90;-18.10;-19.75;15.90;5.70
16:41:04;-18.10;-30.00;-29.98;18.00;-18.90;-18.10;-19.77;15.90;5.70
16:41:06;-18.10;-30.00;-29.99;18.00;-18.80;-18.10;-19.78;15.80;5.70
16:41:08;-18.10;-30.00;-30.00;18.00;-18.90;-18.10;-19.78;15.80;5.70
16:41:10;-18.10;-30.00;-30.00;18.00;-18.90;-18.10;-19.77;15.80;5.80
16:41:12;-18.10;-30.00;-30.00;18.00;-18.90;-18.10;-19.76;15.90;5.70
16:41:14;-18.10;-30.00;-29.95;18.00;-18.90;-18.10;-19.76;15.90;5.70
16:41:16;-18.10;-30.00;-29.97;18.00;-18.90;-18.10;-19.76;15.90;5.70
16:41:18;-18.10;-30.00;-29.99;18.00;-18.90;-18.10;-19.77;15.90;5.70
16:41:23;-18.10;-30.00;-29.99;18.00;-18.90;-18.10;-19.75;15.80;5.70
16:41:24;-18.10;-30.00;-29.93;18.00;-18.80;-18.10;-19.76;15.90;5.70
16:41:26;-18.10;-30.00;-29.96;18.00;-18.80;-18.10;-19.75;15.90;5.70
16:41:28;-18.10;-30.00;-29.99;18.00;-18.80;-18.10;-19.74;15.90;5.70
16:41:30;-18.10;-30.00;-30.01;18.00;-18.80;-18.10;-19.74;15.90;5.70
16:41:32;-18.10;-30.00;-30.01;18.00;-18.80;-18.10;-19.75;15.90;5.70
16:41:34;-18.10;-30.00;-30.01;18.00;-18.90;-18.10;-19.76;15.90;5.70
16:41:36;-18.10;-30.00;-30.01;18.00;-18.80;-18.10;-19.75;15.90;5.70
16:41:40;-18.10;-30.00;-30.02;18.00;-18.90;-18.10;-19.75;15.90;5.70
16:41:42;-18.10;-30.00;-30.01;18.00;-18.90;-18.10;-19.75;15.90;5.70
16:41:44;-18.10;-30.00;-30.02;18.00;-18.80;-18.10;-19.74;15.90;5.70
16:41:46;-18.10;-30.00;-30.01;18.00;-18.90;-18.10;-19.73;15.90;5.70
16:41:48;-18.10;-30.00;-30.01;18.00;-18.80;-18.10;-19.74;15.90;5.80
16:41:50;-18.10;-30.00;-30.02;18.00;-18.80;-18.10;-19.74;15.90;5.80
16:41:52;-18.10;-30.00;-30.03;18.00;-18.80;-18.10;-19.74;15.90;5.70
16:41:54;-18.10;-30.00;-30.01;18.00;-18.90;-18.10;-19.73;15.90;5.70
16:41:56;-18.10;-30.00;-30.01;18.00;-18.90;-18.10;-19.73;15.90;5.70
16:41:58;-18.10;-30.00;-30.02;18.00;-18.90;-18.10;-19.74;15.90;5.70
16:42:00;-18.10;-30.00;-30.04;18.00;-18.90;-18.10;-19.73;15.80;5.70
16:42:02;-18.10;-30.00;-30.02;18.00;-18.90;-18.10;-19.73;15.80;5.70
16:42:04;-18.10;-30.00;-30.02;18.00;-18.90;-18.10;-19.72;15.80;5.70
16:42:06;-18.10;-30.00;-30.02;18.00;-18.90;-18.10;-19.72;15.80;5.70
16:42:08;-18.10;-30.00;-30.00;18.00;-18.90;-18.10;-19.73;15.80;5.70
16:42:10;-18.10;-30.00;-29.99;18.00;-18.80;-18.10;-19.73;15.80;5.70
16:42:12;-18.10;-30.00;-29.99;18.00;-18.80;-18.10;-19.73;15.80;5.70
16:42:14;-18.10;-30.00;-29.99;18.00;-18.80;-18.10;-19.74;15.80;5.70
16:42:16;-18.10;-30.00;-29.99;18.00;-18.80;-18.10;-19.73;15.80;5.70
16:42:18;-18.10;-30.00;-29.98;18.00;-18.80;-18.00;-19.74;15.80;5.70
16:42:20;-18.10;-30.00;-29.99;18.00;-18.80;-18.00;-19.73;15.80;5.70
16:42:22;-18.10;-30.00;-30.00;18.00;-18.90;-18.10;-19.74;15.80;5.70
16:42:24;-18.10;-30.00;-30.00;18.00;-18.90;-18.10;-19.74;15.80;5.70
16:42:26;-18.10;-30.00;-30.00;18.00;-18.80;-18.10;-19.74;15.80;5.70
16:42:28;-18.10;-30.00;-30.00;18.00;-18.80;-18.10;-19.74;15.80;5.70
16:42:30;-18.10;-30.00;-29.98;18.00;-18.80;-18.10;-19.74;15.80;5.70
16:42:32;-18.10;-30.00;-29.96;18.00;-18.80;-18.10;-19.74;15.80;5.70
16:42:34;-18.10;-30.00;-29.97;18.00;-18.80;-18.10;-19.74;15.80;5.70
16:42:36;-18.10;-30.00;-29.99;18.00;-18.80;-18.10;-19.73;15.80;5.70
16:42:38;-18.10;-30.00;-30.00;18.00;-18.90;-18.10;-19.74;15.80;5.70
16:42:40;-18.10;-30.00;-30.01;18.00;-18.90;-18.10;-19.74;15.80;5.60
16:42:42;-18.10;-30.00;-30.02;18.00;-18.80;-18.10;-19.74;15.80;5.70
16:42:44;-18.10;-30.00;-30.02;18.00;-18.80;-18.10;-19.75;15.80;5.70
16:42:46;-18.10;-30.00;-29.99;18.00;-18.80;-18.10;-19.75;15.80;5.70
16:42:48;-18.10;-30.00;-30.00;18.00;-18.80;-18.10;-19.74;15.80;5.70
16:42:50;-18.10;-30.00;-29.99;18.00;-18.90;-18.10;-19.74;15.80;5.70
16:42:52;-18.10;-30.00;-29.99;18.00;-18.80;-18.10;-19.74;15.80;5.70
16:42:54;-18.10;-30.00;-30.00;18.00;-18.80;-18.10;-19.73;15.80;5.70
16:42:56;-18.10;-30.00;-30.02;18.00;-18.90;-18.10;-19.73;15.80;5.70
16:42:58;-18.10;-30.00;-30.03;18.00;-18.80;-18.10;-19.72;15.80;5.70
16:43:00;-18.10;-30.00;-30.02;18.00;-18.80;-18.10;-19.73;15.80;5.70
16:43:02;-18.10;-30.00;-30.01;18.00;-18.80;-18.10;-19.73;15.80;5.70
16:43:04;-18.10;-30.00;-30.01;18.00;-18.90;-18.10;-19.72;15.80;5.60
16:43:06;-18.10;-30.00;-30.01;18.00;-18.80;-18.10;-19.73;15.80;5.70
16:43:08;-18.10;-30.00;-30.00;18.00;-18.80;-18.10;-19.73;15.80;5.70
16:43:10;-18.10;-30.00;-30.01;18.00;-18.90;-18.10;-19.73;15.80;5.70
16:43:12;-18.10;-30.00;-30.01;18.00;-18.80;-18.10;-19.73;15.80;5.70
16:43:14;-18.10;-30.00;-30.02;18.00;-18.80;-18.10;-19.73;15.80;5.70
16:43:16;-18.10;-30.00;-30.01;18.00;-18.80;-18.10;-19.73;15.80;5.70
16:43:18;-18.10;-30.00;-30.00;18.00;-18.80;-18.10;-19.73;15.80;5.70
16:43:20;-18.10;-30.00;-30.02;18.00;-18.80;-18.10;-19.72;15.80;5.60
16:43:22;-18.10;-30.00;-30.02;18.00;-18.90;-18.10;-19.72;15.80;5.70
16:43:24;-18.10;-30.00;-30.01;18.00;-18.80;-18.10;-19.72;15.80;5.70
16:43:28;-18.10;-30.00;-30.02;18.00;-18.80;-18.10;-19.73;15.80;5.70
16:43:30;-18.10;-30.00;-30.03;18.00;-18.90;-18.10;-19.73;15.80;5.70
16:43:32;-18.10;-30.00;-30.00;18.00;-18.80;-18.10;-19.71;15.90;5.70
16:43:34;-18.10;-30.00;-30.00;18.00;-18.90;-18.10;-19.72;15.90;5.60
16:43:36;-18.10;-30.00;-29.99;18.00;-18.80;-18.10;-19.72;15.80;5.70
16:43:38;-18.10;-30.00;-29.96;18.00;-18.80;-18.10;-19.73;15.80;5.70
16:43:41;-18.10;-30.00;-29.98;18.00;-18.90;-18.10;-19.73;15.80;5.70
16:43:42;-18.10;-30.00;-30.01;18.00;-18.80;-18.10;-19.73;15.80;5.70
16:43:44;-18.10;-30.00;-30.02;18.00;-18.80;-18.10;-19.73;15.80;5.70
16:43:46;-18.10;-30.00;-30.03;18.00;-18.80;-18.10;-19.73;15.80;5.70
16:43:49;-18.10;-30.00;-30.02;18.00;-18.80;-18.10;-19.73;15.80;5.70
16:43:50;-18.10;-30.00;-30.02;18.00;-18.80;-18.10;-19.73;15.80;5.70
16:43:52;-18.10;-30.00;-30.02;18.00;-18.80;-18.10;-19.73;15.80;5.70
16:43:55;-18.10;-30.00;-30.01;18.00;-18.80;-18.10;-19.73;15.80;5.70
16:43:57;-18.10;-30.00;-30.00;18.00;-18.80;-18.10;-19.74;15.80;5.70
16:43:58;-18.10;-30.00;-30.02;18.00;-18.90;-18.10;-19.74;15.80;5.70
16:44:00;-18.10;-30.00;-30.02;18.00;-18.80;-18.10;-19.74;15.70;5.70
16:44:02;-18.10;-30.00;-30.00;18.00;-18.80;-18.10;-19.74;15.70;5.70
16:44:05;-18.10;-30.00;-30.00;18.00;-18.80;-18.10;-19.75;15.70;5.70
16:44:07;-18.10;-30.00;-30.00;18.00;-18.80;-18.10;-19.75;15.70;5.70
16:44:09;-18.10;-30.00;-30.00;18.00;-18.90;-18.10;-19.75;15.70;5.70
16:44:11;-18.10;-30.00;-30.00;18.00;-18.80;-18.10;-19.76;15.80;5.70
16:44:13;-18.10;-30.00;-29.99;18.00;-18.80;-18.10;-19.77;15.80;5.70
16:44:15;-18.10;-30.00;-29.98;18.00;-18.90;-18.10;-19.77;15.80;5.70
16:44:17;-18.10;-30.00;-29.98;18.00;-18.90;-18.10;-19.76;15.80;5.70
16:44:19;-18.10;-30.00;-29.99;18.00;-18.80;-18.10;-19.75;15.70;5.70
16:44:21;-18.10;-30.00;-29.98;18.00;-18.80;-18.10;-19.75;15.70;5.70
16:44:23;-18.10;-30.00;-29.98;18.00;-18.80;-18.10;-19.75;15.70;5.70
16:44:25;-18.10;-30.00;-30.00;18.00;-18.80;-18.10;-19.76;15.70;5.60
16:44:27;-18.10;-30.00;-30.01;18.00;-18.80;-18.10;-19.75;15.70;5.60
16:44:29;-18.10;-30.00;-30.00;18.00;-18.80;-18.10;-19.75;15.70;5.60
16:44:31;-18.10;-30.00;-30.00;18.00;-18.80;-18.10;-19.75;15.70;5.60
16:44:33;-18.10;-30.00;-30.00;18.00;-18.80;-18.10;-19.76;15.70;5.70
16:44:35;-18.10;-30.00;-29.99;18.00;-18.80;-18.10;-19.77;15.70;5.70
16:44:37;-18.10;-30.00;-30.00;18.00;-18.90;-18.10;-19.76;15.70;5.70
16:44:39;-18.10;-30.00;-30.00;18.00;-18.80;-18.10;-19.76;15.70;5.60
16:44:41;-18.10;-30.00;-29.99;18.00;-18.80;-18.10;-19.76;15.70;5.60
16:44:43;-18.10;-30.00;-29.97;18.00;-18.80;-18.10;-19.75;15.70;5.70
16:44:45;-18.10;-30.00;-29.99;18.00;-18.80;-18.10;-19.75;15.70;5.60
16:44:47;-18.10;-30.00;-30.00;18.00;-18.80;-18.10;-19.75;15.70;5.70
16:44:49;-18.10;-30.00;-30.01;18.00;-18.80;-18.10;-19.75;15.70;5.70
16:44:51;-18.10;-30.00;-30.02;18.00;-18.80;-18.10;-19.75;15.70;5.70
16:44:53;-18.10;-30.00;-29.99;18.00;-18.80;-18.10;-19.75;15.70;5.70
16:44:55;-18.10;-30.00;-29.96;18.00;-18.80;-18.10;-19.76;15.70;5.70
16:44:57;-18.10;-30.00;-29.99;17.90;-18.80;-18.10;-19.75;15.70;5.70
16:44:59;-18.10;-30.00;-30.01;17.90;-18.80;-18.10;-19.75;15.70;5.70
16:45:01;-18.10;-30.00;-30.00;17.90;-18.80;-18.10;-19.75;15.70;5.60
16:45:03;-18.10;-30.00;-30.00;17.90;-18.80;-18.20;-19.75;15.70;5.60
16:45:05;-18.10;-30.00;-30.01;17.90;-18.80;-18.20;-19.75;15.70;5.70
16:45:07;-18.10;-30.00;-30.01;17.90;-18.80;-18.20;-19.77;15.70;5.60
16:45:09;-18.10;-30.00;-29.99;18.00;-18.80;-18.20;-19.78;15.70;5.60
16:45:11;-18.10;-30.00;-29.98;17.90;-18.80;-18.10;-19.77;15.80;5.60
16:45:13;-18.10;-30.00;-29.97;17.90;-18.80;-18.10;-19.76;15.80;5.70
16:45:17;-18.10;-30.00;-29.99;17.90;-18.80;-18.10;-19.74;15.80;5.70
16:45:19;-18.10;-30.00;-30.00;18.00;-18.80;-18.10;-19.74;15.70;5.70
16:45:21;-18.10;-30.00;-30.00;17.90;-18.80;-18.10;-19.73;15.80;5.70
16:45:23;-18.10;-30.00;-30.00;17.90;-18.80;-18.10;-19.74;15.80;5.60
16:45:25;-18.10;-30.00;-30.00;18.00;-18.80;-18.10;-19.73;15.80;5.60
16:45:27;-18.10;-30.00;-29.99;17.90;-18.80;-18.10;-19.73;15.80;5.60
16:45:29;-18.10;-30.00;-30.00;18.00;-18.90;-18.10;-19.72;15.80;5.70
16:45:31;-18.10;-30.00;-30.02;17.90;-18.80;-18.10;-19.74;15.70;5.70
16:45:33;-18.10;-30.00;-30.01;18.00;-18.80;-18.10;-19.73;15.70;5.60
16:45:35;-18.10;-30.00;-30.00;17.90;-18.80;-18.10;-19.74;15.70;5.60
16:45:37;-18.10;-30.00;-30.00;18.00;-18.80;-18.10;-19.75;15.80;5.70
16:45:39;-18.10;-30.00;-30.01;18.00;-18.80;-18.10;-19.76;15.70;5.70
16:45:41;-18.10;-30.00;-30.02;17.90;-18.80;-18.10;-19.76;15.70;5.70
16:45:43;-18.10;-30.00;-30.02;18.00;-18.90;-18.20;-19.76;15.70;5.60
16:45:45;-18.10;-30.00;-30.04;17.90;-18.80;-18.20;-19.77;15.70;5.60
16:45:47;-18.10;-30.00;-30.04;18.00;-18.80;-18.20;-19.77;15.70;5.70
16:45:49;-18.10;-30.00;-30.02;17.90;-18.90;-18.20;-19.77;15.70;5.70
16:45:51;-18.10;-30.00;-30.02;17.90;-18.90;-18.20;-19.77;15.70;5.70
16:45:53;-18.10;-30.00;-29.99;18.00;-18.80;-18.20;-19.77;15.70;5.70
16:45:55;-18.10;-30.00;-29.98;17.90;-18.80;-18.20;-19.77;15.70;5.70
16:45:57;-18.10;-30.00;-30.00;17.90;-18.90;-18.10;-19.76;15.70;5.70
16:45:59;-18.10;-30.00;-30.00;17.90;-18.80;-18.10;-19.75;15.70;5.70
16:46:01;-18.10;-30.00;-29.99;17.90;-18.80;-18.10;-19.75;15.70;5.60
16:46:03;-18.10;-30.00;-29.99;17.90;-18.80;-18.10;-19.75;15.70;5.60
16:46:05;-18.10;-30.00;-29.99;18.00;-18.80;-18.10;-19.74;15.70;5.70
16:46:07;-18.10;-30.00;-29.99;17.90;-18.90;-18.10;-19.73;15.70;5.60
16:46:09;-18.10;-30.00;-29.99;17.90;-18.80;-18.10;-19.74;15.70;5.70
16:46:11;-18.10;-30.00;-29.99;17.90;-18.90;-18.10;-19.74;15.70;5.70
16:46:13;-18.10;-30.00;-29.99;17.90;-18.90;-18.10;-19.74;15.60;5.60
16:46:15;-18.10;-30.00;-29.99;17.90;-18.90;-18.10;-19.74;15.60;5.60
16:46:17;-18.10;-30.00;-30.00;17.90;-18.80;-18.10;-19.74;15.60;5.70
16:46:19;-18.10;-30.00;-30.02;17.90;-18.80;-18.10;-19.75;15.60;5.60
16:46:21;-18.10;-30.00;-30.01;17.90;-18.80;-18.10;-19.76;15.60;5.60
16:46:23;-18.10;-30.00;-30.00;17.90;-18.80;-18.10;-19.76;15.70;5.60
16:46:25;-18.10;-30.00;-30.00;17.90;-18.80;-18.10;-19.76;15.70;5.60
16:46:27;-18.10;-30.00;-30.00;17.90;-18.80;-18.10;-19.76;15.70;5.60
16:46:29;-18.10;-30.00;-29.97;17.90;-18.80;-18.20;-19.77;15.70;5.60
16:46:31;-18.10;-30.00;-29.98;17.90;-18.90;-18.10;-19.76;15.70;5.70
16:46:33;-18.10;-30.00;-29.99;17.90;-18.80;-18.20;-19.77;15.70;5.60
16:46:35;-18.10;-30.00;-29.99;17.90;-18.90;-18.10;-19.77;15.60;5.60
16:46:37;-18.10;-30.00;-29.99;17.90;-18.80;-18.10;-19.76;15.70;5.60
16:46:39;-18.10;-30.00;-30.00;17.90;-18.80;-18.10;-19.76;15.60;5.60
16:46:41;-18.10;-30.00;-30.00;17.90;-18.90;-18.10;-19.76;15.60;5.70
16:46:43;-18.10;-30.00;-30.00;17.90;-18.80;-18.10;-19.76;15.70;5.60
16:46:45;-18.10;-30.00;-30.00;17.90;-18.80;-18.10;-19.76;15.70;5.70
16:46:47;-18.10;-30.00;-30.00;17.90;-18.80;-18.10;-19.76;15.70;5.70
16:46:49;-18.10;-30.00;-30.01;17.90;-18.80;-18.10;-19.76;15.70;5.70
16:46:51;-18.10;-30.00;-29.98;17.90;-18.80;-18.10;-19.76;15.70;5.70
16:46:53;-18.10;-30.00;-30.00;17.90;-18.80;-18.10;-19.76;15.60;5.70
16:46:55;-18.10;-30.00;-30.03;17.90;-18.90;-18.10;-19.76;15.70;5.70
16:46:57;-18.10;-30.00;-30.04;17.90;-18.80;-18.10;-19.76;15.60;5.70
16:46:59;-18.10;-30.00;-30.04;17.90;-18.80;-18.10;-19.76;15.70;5.70
16:47:01;-18.10;-30.00;-30.04;17.90;-18.90;-18.10;-19.76;15.70;5.70
16:47:05;-18.10;-30.00;-30.02;17.90;-18.90;-18.10;-19.74;15.60;5.70
16:47:07;-18.10;-30.00;-30.02;17.90;-18.80;-18.10;-19.75;15.60;5.70
16:47:09;-18.10;-30.00;-30.00;17.90;-18.80;-18.10;-19.75;15.60;5.60
16:47:11;-18.10;-30.00;-30.00;17.90;-18.80;-18.10;-19.74;15.70;5.60
16:47:13;-18.10;-30.00;-30.00;17.90;-18.80;-18.10;-19.74;15.60;5.70
16:47:15;-18.10;-30.00;-30.00;17.90;-18.90;-18.10;-19.74;15.60;5.70
16:47:17;-18.10;-30.00;-30.00;17.90;-18.90;-18.10;-19.74;15.60;5.70
16:47:19;-18.10;-30.00;-29.99;17.80;-18.80;-18.10;-19.74;15.60;5.60
16:47:21;-18.10;-30.00;-30.00;17.80;-18.80;-18.10;-19.74;15.60;5.60
16:47:23;-18.10;-30.00;-30.00;17.90;-18.80;-18.10;-19.75;15.60;5.60
16:47:25;-18.10;-30.00;-29.99;17.90;-18.80;-18.10;-19.76;15.60;5.60
16:47:27;-18.10;-30.00;-29.98;17.90;-18.80;-18.10;-19.76;15.60;5.70
16:47:29;-18.10;-30.00;-29.99;17.80;-18.80;-18.10;-19.75;15.60;5.60
16:47:31;-18.10;-30.00;-30.00;17.80;-18.90;-18.10;-19.76;15.60;5.70
16:47:33;-18.10;-30.00;-30.02;17.80;-18.90;-18.10;-19.76;15.60;5.70
16:47:35;-18.10;-30.00;-30.02;17.80;-18.90;-18.10;-19.76;15.70;5.70
16:47:37;-18.10;-30.00;-30.02;17.90;-18.90;-18.10;-19.76;15.70;5.70
16:47:39;-18.10;-30.00;-30.02;17.80;-18.90;-18.10;-19.75;15.60;5.70
16:47:41;-18.10;-30.00;-29.99;17.80;-18.80;-18.10;-19.75;15.70;5.60
16:47:43;-18.10;-30.00;-29.99;17.80;-18.80;-18.10;-19.75;15.70;5.60
16:47:45;-18.10;-30.00;-29.99;17.80;-18.90;-18.10;-19.75;15.70;5.70
16:47:47;-18.10;-30.00;-29.98;17.80;-18.80;-18.10;-19.76;15.70;5.60
16:47:49;-18.10;-30.00;-29.98;17.80;-18.80;-18.20;-19.76;15.60;5.60
16:47:51;-18.10;-30.00;-30.00;17.80;-18.80;-18.10;-19.76;15.60;5.60
16:47:53;-18.10;-30.00;-30.01;17.80;-18.90;-18.10;-19.76;15.60;5.70
16:47:55;-18.10;-30.00;-30.01;17.80;-18.80;-18.10;-19.76;15.60;5.60
16:47:57;-18.10;-30.00;-30.01;17.80;-18.80;-18.10;-19.76;15.60;5.60
16:47:59;-18.10;-30.00;-30.01;17.80;-18.80;-18.10;-19.76;15.60;5.60
16:48:01;-18.10;-30.00;-29.98;17.80;-18.80;-18.10;-19.75;15.70;5.60
16:48:03;-18.10;-30.00;-29.96;17.80;-18.80;-18.10;-19.75;15.70;5.60
16:48:05;-18.10;-30.00;-29.98;17.80;-18.90;-18.10;-19.75;15.70;5.70
16:48:07;-18.10;-30.00;-30.00;17.80;-18.90;-18.10;-19.74;15.70;5.60
16:48:09;-18.10;-30.00;-30.00;17.80;-18.90;-18.10;-19.74;15.70;5.60
16:48:11;-18.10;-30.00;-30.01;17.80;-18.90;-18.10;-19.74;15.70;5.60
16:48:13;-18.10;-30.00;-30.00;17.80;-18.90;-18.10;-19.75;15.70;5.70
16:48:15;-18.10;-30.00;-30.00;17.80;-18.90;-18.10;-19.75;15.70;5.60
16:48:17;-18.10;-30.00;-30.00;17.80;-18.90;-18.10;-19.75;15.70;5.60
16:48:19;-18.10;-30.00;-30.01;17.80;-18.80;-18.10;-19.74;15.70;5.70
16:48:21;-18.10;-30.00;-30.01;17.80;-18.80;-18.10;-19.75;15.70;5.70
16:48:23;-18.10;-30.00;-30.01;17.80;-18.90;-18.10;-19.76;15.70;5.70
16:48:25;-18.10;-30.00;-29.97;17.80;-18.90;-18.10;-19.76;15.70;5.60
16:48:27;-18.10;-30.00;-29.98;17.80;-18.90;-18.10;-19.75;15.70;5.70
16:48:29;-18.10;-30.00;-30.00;17.80;-18.80;-18.10;-19.75;15.70;5.60
16:48:31;-18.10;-30.00;-30.02;17.80;-18.90;-18.10;-19.76;15.70;5.60
16:48:33;-18.10;-30.00;-30.02;17.80;-18.90;-18.10;-19.76;15.70;5.60
16:48:36;-18.10;-30.00;-30.02;17.80;-18.90;-18.10;-19.76;15.60;5.70
16:48:37;-18.10;-30.00;-30.04;17.80;-18.90;-18.10;-19.76;15.60;5.60
16:48:40;-18.10;-30.00;-30.03;17.80;-18.90;-18.10;-19.76;15.60;5.70
16:48:42;-18.10;-30.00;-30.02;17.80;-18.90;-18.10;-19.76;15.60;5.70
16:48:43;-18.10;-30.00;-30.00;17.80;-18.90;-18.10;-19.76;15.60;5.60
16:48:46;-18.10;-30.00;-29.99;17.80;-18.90;-18.10;-19.75;15.60;5.70
16:48:47;-18.10;-30.00;-29.98;17.80;-18.90;-18.10;-19.75;15.60;5.60
16:48:49;-18.10;-30.00;-29.99;17.80;-18.90;-18.10;-19.75;15.60;5.60
16:48:52;-18.10;-30.00;-30.00;17.80;-18.90;-18.10;-19.76;15.60;5.60
16:48:56;-18.10;-30.00;-30.00;17.80;-18.80;-18.10;-19.74;15.60;5.70
16:48:58;-18.10;-30.00;-29.99;17.80;-18.90;-18.10;-19.75;15.50;5.60
16:48:59;-18.10;-30.00;-29.98;17.80;-18.90;-18.10;-19.75;15.60;5.60
16:49:02;-18.10;-30.00;-29.98;17.80;-18.80;-18.10;-19.75;15.60;5.60
16:49:04;-18.10;-30.00;-29.99;17.80;-18.90;-18.10;-19.75;15.60;5.60
16:49:06;-18.10;-30.00;-29.99;17.80;-18.80;-18.10;-19.74;15.60;5.60
16:49:08;-18.10;-30.00;-29.94;17.80;-18.80;-18.10;-19.74;15.60;5.60
16:49:10;-18.10;-30.00;-29.93;17.80;-18.90;-18.10;-19.73;15.60;5.60
16:49:12;-18.10;-30.00;-29.96;17.80;-18.80;-18.10;-19.74;15.60;5.70
16:49:14;-18.10;-30.00;-29.98;17.80;-18.90;-18.10;-19.74;15.60;5.60
16:49:16;-18.10;-30.00;-29.99;17.80;-18.90;-18.10;-19.74;15.60;5.60
16:49:18;-18.10;-30.00;-29.99;17.80;-18.80;-18.10;-19.74;15.60;5.60
16:49:20;-18.10;-30.00;-29.98;17.80;-18.80;-18.10;-19.75;15.60;5.60
16:49:22;-18.10;-30.00;-29.97;17.80;-18.80;-18.10;-19.74;15.60;5.50
16:49:24;-18.10;-30.00;-29.99;17.80;-18.80;-18.10;-19.74;15.60;5.50
16:49:26;-18.10;-30.00;-30.01;17.80;-18.90;-18.10;-19.74;15.60;5.70
16:49:28;-18.10;-30.00;-30.00;17.80;-18.80;-18.10;-19.74;15.60;5.60
16:49:30;-18.10;-30.00;-29.99;17.80;-18.80;-18.10;-19.75;15.60;5.60
16:49:32;-18.10;-30.00;-30.00;17.80;-18.80;-18.10;-19.76;15.60;5.60
16:49:34;-18.10;-30.00;-30.02;17.80;-18.80;-18.10;-19.76;15.60;5.60
16:49:36;-18.10;-30.00;-30.02;17.80;-18.80;-18.10;-19.77;15.60;5.60
16:49:38;-18.10;-30.00;-30.02;17.80;-18.80;-18.10;-19.77;15.60;5.60
16:49:40;-18.10;-30.00;-30.03;17.80;-18.80;-18.10;-19.77;15.60;5.60
16:49:42;-18.10;-30.00;-30.02;17.80;-18.80;-18.10;-19.78;15.60;5.60
16:49:44;-18.10;-30.00;-30.01;17.80;-18.80;-18.10;-19.77;15.60;5.60
16:49:46;-18.10;-30.00;-30.02;17.80;-18.80;-18.10;-19.77;15.60;5.60
16:49:48;-18.10;-30.00;-30.03;17.80;-18.80;-18.10;-19.77;15.60;5.60
16:49:50;-18.10;-30.00;-30.03;17.80;-18.80;-18.00;-19.77;15.60;5.50
16:49:52;-18.10;-30.00;-30.02;17.80;-18.80;-18.10;-19.77;15.60;5.60
16:49:54;-18.10;-30.00;-30.02;17.80;-18.80;-18.10;-19.76;15.60;5.60
16:49:56;-18.10;-30.00;-30.02;17.80;-18.80;-18.10;-19.75;15.60;5.70
16:49:58;-18.10;-30.00;-30.01;17.80;-18.80;-18.10;-19.75;15.60;5.60
16:50:00;-18.10;-30.00;-30.00;17.80;-18.80;-18.10;-19.74;15.60;5.60
16:50:02;-18.10;-30.00;-30.00;17.80;-18.80;-18.10;-19.74;15.60;5.60
16:50:04;-18.10;-30.00;-30.00;17.80;-18.80;-18.10;-19.74;15.60;5.60
16:50:06;-18.10;-30.00;-30.00;17.80;-18.80;-18.10;-19.75;15.60;5.60
16:50:08;-18.10;-30.00;-29.98;17.80;-18.80;-18.10;-19.75;15.60;5.60
16:50:10;-18.10;-30.00;-29.97;17.80;-18.80;-18.10;-19.74;15.60;5.60
16:50:12;-18.10;-30.00;-29.99;17.80;-18.80;-18.10;-19.74;15.60;5.60
16:50:14;-18.10;-30.00;-30.00;17.80;-18.80;-18.00;-19.74;15.60;5.60
16:50:16;-18.10;-30.00;-30.02;17.80;-18.80;-18.10;-19.74;15.60;5.60
16:50:18;-18.10;-30.00;-30.02;17.80;-18.80;-18.10;-19.74;15.60;5.60
16:50:20;-18.10;-30.00;-30.01;17.80;-18.80;-18.10;-19.73;15.60;5.60
16:50:22;-18.10;-30.00;-30.01;17.80;-18.80;-18.10;-19.74;15.60;5.60
16:50:24;-18.10;-30.00;-30.00;17.80;-18.80;-18.10;-19.74;15.60;5.60
16:50:26;-18.10;-30.00;-29.99;17.80;-18.80;-18.10;-19.74;15.60;5.60
16:50:28;-18.10;-30.00;-29.99;17.80;-18.80;-18.10;-19.74;15.60;5.50
16:50:30;-18.10;-30.00;-30.00;17.80;-18.80;-18.10;-19.75;15.60;5.60
16:50:32;-18.10;-30.00;-30.01;17.80;-18.80;-18.10;-19.75;15.60;5.50
16:50:34;-18.10;-30.00;-30.02;17.80;-18.80;-18.10;-19.76;15.50;5.60
16:50:36;-18.10;-30.00;-30.03;17.80;-18.80;-18.10;-19.76;15.50;5.60
16:50:38;-18.10;-30.00;-30.00;17.80;-18.80;-18.10;-19.75;15.50;5.60
16:50:40;-18.10;-30.00;-30.00;17.80;-18.80;-18.10;-19.74;15.50;5.70
16:50:44;-18.10;-30.00;-29.98;17.80;-18.80;-18.10;-19.72;15.50;5.60
16:50:46;-18.10;-30.00;-30.00;17.80;-18.80;-18.10;-19.72;15.50;5.60
16:50:48;-18.10;-30.00;-30.01;17.80;-18.80;-18.10;-19.73;15.50;5.60
16:50:50;-18.10;-30.00;-30.01;17.80;-18.80;-18.10;-19.73;15.50;5.60
16:50:52;-18.10;-30.00;-30.02;17.80;-18.80;-18.10;-19.72;15.50;5.60
16:50:54;-18.10;-30.00;-30.02;17.80;-18.80;-18.10;-19.73;15.50;5.60
16:50:56;-18.10;-30.00;-30.01;17.80;-18.80;-18.10;-19.72;15.50;5.60
16:50:58;-18.10;-30.00;-30.00;17.80;-18.80;-18.10;-19.73;15.50;5.60
16:51:00;-18.10;-30.00;-30.00;17.80;-18.80;-18.10;-19.73;15.50;5.60
16:51:02;-18.10;-30.00;-30.01;17.80;-18.80;-18.00;-19.74;15.50;5.50
16:51:04;-18.10;-30.00;-30.00;17.80;-18.80;-18.10;-19.74;15.60;5.60
16:51:06;-18.10;-30.00;-30.00;17.80;-18.80;-18.10;-19.73;15.50;5.50
16:51:08;-18.10;-30.00;-29.99;17.80;-18.80;-18.10;-19.74;15.50;5.60
16:51:10;-18.10;-30.00;-29.99;17.80;-18.80;-18.10;-19.74;15.50;5.50
16:51:12;-18.10;-30.00;-29.96;17.80;-18.80;-18.10;-19.74;15.60;5.60
16:51:14;-18.10;-30.00;-29.95;17.80;-18.80;-18.10;-19.74;15.60;5.60
16:51:16;-18.10;-30.00;-29.97;17.80;-18.80;-18.10;-19.75;15.50;5.60
16:51:18;-18.10;-30.00;-29.99;17.80;-18.80;-18.10;-19.75;15.50;5.60
16:51:20;-18.10;-30.00;-30.01;17.80;-18.80;-18.00;-19.75;15.60;5.60
16:51:22;-18.10;-30.00;-30.02;17.80;-18.80;-18.10;-19.76;15.50;5.60
16:51:24;-18.10;-30.00;-30.02;17.80;-18.80;-18.10;-19.77;15.50;5.60
16:51:26;-18.10;-30.00;-30.02;17.80;-18.80;-18.10;-19.77;15.50;5.60
16:51:28;-18.10;-30.00;-30.03;17.80;-18.80;-18.10;-19.77;15.50;5.50
16:51:30;-18.10;-30.00;-30.04;17.80;-18.80;-18.10;-19.76;15.50;5.60
16:51:32;-18.10;-30.00;-30.02;17.80;-18.80;-18.10;-19.76;15.50;5.60
16:51:34;-18.10;-30.00;-30.00;17.80;-18.80;-18.10;-19.76;15.50;5.50
16:51:36;-18.10;-30.00;-30.00;17.80;-18.80;-18.10;-19.75;15.50;5.60
16:51:38;-18.10;-30.00;-29.99;17.80;-18.80;-18.10;-19.76;15.50;5.50
16:51:40;-18.10;-30.00;-30.00;17.80;-18.80;-18.10;-19.74;15.50;5.50
16:51:42;-18.10;-30.00;-30.02;17.80;-18.80;-18.10;-19.74;15.50;5.60
16:51:44;-18.10;-30.00;-30.02;17.80;-18.80;-18.10;-19.75;15.50;5.50
16:51:46;-18.10;-30.00;-30.02;17.80;-18.80;-18.10;-19.74;15.50;5.60
16:51:48;-18.10;-30.00;-30.02;17.80;-18.80;-18.10;-19.74;15.50;5.60
16:51:50;-18.10;-30.00;-30.01;17.80;-18.80;-18.10;-19.74;15.50;5.60
16:51:52;-18.10;-30.00;-30.02;17.80;-18.80;-18.10;-19.74;15.50;5.60
16:51:54;-18.10;-30.00;-30.02;17.80;-18.80;-18.10;-19.74;15.50;5.50
16:51:56;-18.10;-30.00;-30.01;17.80;-18.80;-18.10;-19.74;15.60;5.60
16:51:58;-18.10;-30.00;-30.01;17.80;-18.80;-18.10;-19.74;15.60;5.50
16:52:00;-18.10;-30.00;-30.01;17.80;-18.80;-18.10;-19.74;15.50;5.60
16:52:02;-18.10;-30.00;-30.02;17.80;-18.80;-18.10;-19.74;15.50;5.60
16:52:04;-18.10;-30.00;-30.01;17.80;-18.80;-18.10;-19.74;15.50;5.60
16:52:06;-18.10;-30.00;-29.96;17.80;-18.80;-18.10;-19.74;15.50;5.50
16:52:08;-18.10;-30.00;-29.96;17.80;-18.80;-18.10;-19.74;15.50;5.50
16:52:10;-18.10;-30.00;-29.99;17.80;-18.80;-18.10;-19.74;15.50;5.60
16:52:12;-18.10;-30.00;-30.00;17.80;-18.80;-18.10;-19.74;15.50;5.60
16:52:14;-18.10;-30.00;-30.01;17.80;-18.80;-18.10;-19.74;15.40;5.60
16:52:16;-18.10;-30.00;-30.01;17.80;-18.80;-18.00;-19.73;15.50;5.60
16:52:18;-18.10;-30.00;-30.01;17.80;-18.80;-18.10;-19.74;15.40;5.50
16:52:20;-18.10;-30.00;-30.01;17.80;-18.80;-18.10;-19.74;15.40;5.50
16:52:22;-18.10;-30.00;-30.02;17.80;-18.80;-18.10;-19.73;15.50;5.60
16:52:24;-18.10;-30.00;-30.00;17.80;-18.80;-18.00;-19.73;15.50;5.60
16:52:26;-18.10;-30.00;-30.02;17.80;-18.80;-18.10;-19.73;15.50;5.50
16:52:28;-18.10;-30.00;-30.02;17.80;-18.80;-18.10;-19.73;15.50;5.50
16:52:30;-18.10;-30.00;-30.02;17.80;-18.80;-18.10;-19.73;15.50;5.60
16:52:35;-18.10;-30.00;-30.00;17.80;-18.80;-18.10;-19.73;15.60;5.60
16:52:36;-18.10;-30.00;-29.97;17.80;-18.80;-18.10;-19.74;15.50;5.60
16:52:38;-18.10;-30.00;-30.00;17.80;-18.80;-18.10;-19.74;15.50;5.50
16:52:40;-18.10;-30.00;-30.00;17.80;-18.80;-18.10;-19.74;15.60;5.60
16:52:42;-18.10;-30.00;-30.01;17.80;-18.80;-18.10;-19.74;15.60;5.50
16:52:44;-18.10;-30.00;-30.00;17.80;-18.80;-18.10;-19.75;15.60;5.60
16:52:46;-18.10;-30.00;-30.00;17.80;-18.80;-18.00;-19.75;15.50;5.60
16:52:48;-18.10;-30.00;-30.01;17.80;-18.80;-18.00;-19.75;15.50;5.50
16:52:50;-18.10;-30.00;-30.02;17.80;-18.80;-18.10;-19.75;15.50;5.60
16:52:52;-18.10;-30.00;-30.01;17.80;-18.80;-18.10;-19.74;15.50;5.60
16:52:54;-18.10;-30.00;-30.01;17.80;-18.80;-18.10;-19.74;15.60;5.50
16:52:56;-18.10;-30.00;-30.00;17.80;-18.80;-18.10;-19.74;15.60;5.60
16:52:58;-18.10;-30.00;-30.00;17.80;-18.80;-18.10;-19.74;15.50;5.60
16:53:00;-18.10;-30.00;-29.97;17.80;-18.80;-18.10;-19.74;15.50;5.60
16:53:02;-18.10;-30.00;-30.00;17.80;-18.80;-18.10;-19.75;15.50;5.60
16:53:04;-18.10;-30.00;-30.01;17.80;-18.80;-18.10;-19.74;15.50;5.50
16:53:06;-18.10;-30.00;-30.02;17.80;-18.80;-18.10;-19.74;15.50;5.50
16:53:08;-18.10;-30.00;-30.02;17.80;-18.80;-18.10;-19.74;15.50;5.50
16:53:10;-18.10;-30.00;-30.00;17.80;-18.80;-18.10;-19.74;15.50;5.50
16:53:12;-18.10;-30.00;-30.00;17.80;-18.80;-18.10;-19.74;15.50;5.50
16:53:14;-18.10;-30.00;-30.01;17.80;-18.80;-18.10;-19.73;15.50;5.60
16:53:16;-18.10;-30.00;-30.00;17.70;-18.90;-18.10;-19.73;15.50;5.60
16:53:18;-18.10;-30.00;-30.01;17.80;-18.80;-18.10;-19.73;15.50;5.60
16:53:20;-18.10;-30.00;-30.02;17.80;-18.80;-18.10;-19.73;15.50;5.60
16:53:22;-18.10;-30.00;-30.01;17.80;-18.80;-18.10;-19.73;15.50;5.50
16:53:24;-18.10;-30.00;-29.97;17.80;-18.80;-18.10;-19.73;15.50;5.50
16:53:26;-18.10;-30.00;-29.98;17.70;-18.80;-18.10;-19.73;15.50;5.60
16:53:28;-18.10;-30.00;-30.00;17.80;-18.80;-18.10;-19.72;15.50;5.60
16:53:30;-18.10;-30.00;-30.00;17.70;-18.80;-18.10;-19.72;15.50;5.60
16:53:32;-18.10;-30.00;-30.00;17.80;-18.80;-18.10;-19.73;15.50;5.50
16:53:34;-18.10;-30.00;-30.02;17.70;-18.80;-18.10;-19.73;15.50;5.50
16:53:36;-18.10;-30.00;-30.02;17.70;-18.80;-18.10;-19.74;15.50;5.60
16:53:38;-18.10;-30.00;-30.01;17.80;-18.80;-18.10;-19.74;15.50;5.50
16:53:40;-18.10;-30.00;-30.01;17.80;-18.80;-18.10;-19.74;15.50;5.60
16:53:42;-18.10;-30.00;-30.02;17.70;-18.80;-18.10;-19.75;15.50;5.60
16:53:44;-18.10;-30.00;-30.02;17.80;-18.80;-18.10;-19.75;15.50;5.50
16:53:46;-18.10;-30.00;-29.99;17.80;-18.80;-18.10;-19.76;15.50;5.60
16:53:48;-18.10;-30.00;-29.99;17.80;-18.80;-18.10;-19.76;15.50;5.60
16:53:50;-18.10;-30.00;-29.99;17.70;-18.80;-18.10;-19.75;15.50;5.60
16:53:52;-18.10;-30.00;-29.97;17.70;-18.80;-18.10;-19.75;15.50;5.60
16:53:54;-18.10;-30.00;-29.99;17.70;-18.80;-18.10;-19.75;15.50;5.60
16:53:56;-18.10;-30.00;-30.00;17.80;-18.80;-18.10;-19.75;15.50;5.60
16:53:58;-18.10;-30.00;-30.02;17.70;-18.80;-18.10;-19.75;15.50;5.50
16:54:00;-18.10;-30.00;-30.01;17.70;-18.90;-18.10;-19.75;15.50;5.60
16:54:02;-18.10;-30.00;-30.00;17.70;-18.80;-18.10;-19.75;15.50;5.60
16:54:04;-18.10;-30.00;-29.96;17.70;-18.80;-18.10;-19.75;15.50;5.50
16:54:06;-18.10;-30.00;-29.93;17.70;-18.80;-18.10;-19.75;15.50;5.60
16:54:08;-18.10;-30.00;-29.95;17.70;-18.80;-18.10;-19.75;15.50;5.50
16:54:10;-18.10;-30.00;-29.98;17.70;-18.80;-18.10;-19.75;15.50;5.60
16:54:12;-18.10;-30.00;-29.97;17.70;-18.80;-18.10;-19.75;15.50;5.50
16:54:14;-18.10;-30.00;-29.99;17.70;-18.80;-18.10;-19.75;15.60;5.50
16:54:17;-18.10;-30.00;-30.02;17.70;-18.80;-18.10;-19.77;15.50;5.50
16:54:19;-18.10;-30.00;-30.04;17.70;-18.80;-18.10;-19.76;15.50;5.60
16:54:20;-18.10;-30.00;-30.02;17.70;-18.90;-18.10;-19.77;15.50;5.50
16:54:25;-18.10;-30.00;-30.01;17.70;-18.80;-18.10;-19.77;15.50;5.60
16:54:27;-18.10;-30.00;-30.02;17.70;-18.90;-18.10;-19.78;15.50;5.50
16:54:28;-18.10;-30.00;-29.99;17.70;-18.90;-18.10;-19.78;15.50;5.50
16:54:30;-18.10;-30.00;-29.99;17.70;-18.80;-18.10;-19.77;15.50;5.50
16:54:33;-18.10;-30.00;-30.00;17.70;-18.80;-18.10;-19.76;15.60;5.50
16:54:34;-18.10;-30.00;-29.99;17.70;-18.80;-18.10;-19.77;15.50;5.50
16:54:37;-18.10;-30.00;-30.00;17.70;-18.80;-18.10;-19.76;15.50;5.50
16:54:38;-18.10;-30.00;-29.98;17.70;-18.80;-18.10;-19.77;15.50;5.50
16:54:40;-18.10;-30.00;-29.96;17.70;-18.80;-18.10;-19.78;15.50;5.60
16:54:43;-18.10;-30.00;-29.98;17.70;-18.80;-18.10;-19.77;15.50;5.50
16:54:44;-18.10;-30.00;-30.00;17.70;-18.80;-18.10;-19.77;15.50;5.60
16:54:46;-18.10;-30.00;-30.00;17.70;-18.80;-18.10;-19.77;15.50;5.60
16:54:48;-18.10;-30.00;-30.00;17.70;-18.80;-18.10;-19.77;15.50;5.50
16:54:50;-18.10;-30.00;-29.98;17.70;-18.80;-18.10;-19.76;15.50;5.50
16:54:53;-18.10;-30.00;-29.97;17.70;-18.80;-18.10;-19.77;15.50;5.50
16:54:54;-18.10;-30.00;-29.99;17.70;-18.80;-18.10;-19.77;15.50;5.60
16:54:56;-18.10;-30.00;-30.01;17.70;-18.80;-18.10;-19.77;15.50;5.50
16:54:59;-18.10;-30.00;-29.99;17.70;-18.80;-18.10;-19.77;15.50;5.50
16:55:00;-18.10;-30.00;-29.98;17.70;-18.80;-18.10;-19.78;15.50;5.60
16:55:02;-18.10;-30.00;-30.00;17.70;-18.80;-18.10;-19.78;15.50;5.60
16:55:05;-18.10;-30.00;-30.02;17.70;-18.80;-18.10;-19.77;15.50;5.60
16:55:07;-18.10;-30.00;-30.02;17.60;-18.80;-18.10;-19.76;15.50;5.50
16:55:09;-18.10;-30.00;-30.01;17.70;-18.80;-18.10;-19.76;15.50;5.50
16:55:11;-18.10;-30.00;-30.00;17.70;-18.80;-18.10;-19.77;15.50;5.50
16:55:13;-18.10;-30.00;-30.00;17.70;-18.80;-18.10;-19.76;15.50;5.60
16:55:15;-18.10;-30.00;-30.00;17.70;-18.80;-18.10;-19.76;15.50;5.50
16:55:17;-18.10;-30.00;-30.00;17.60;-18.80;-18.10;-19.76;15.50;5.60
16:55:19;-18.10;-30.00;-30.00;17.70;-18.80;-18.10;-19.77;15.50;5.50
16:55:21;-18.10;-30.00;-30.00;17.70;-18.80;-18.10;-19.77;15.50;5.50
16:55:23;-18.10;-30.00;-29.99;17.60;-18.80;-18.10;-19.78;15.50;5.50
16:55:25;-18.10;-30.00;-29.98;17.60;-18.80;-18.10;-19.78;15.50;5.50
16:55:27;-18.10;-30.00;-29.99;17.70;-18.90;-18.10;-19.79;15.50;5.60
16:55:29;-18.10;-30.00;-30.00;17.60;-18.80;-18.20;-19.79;15.50;5.50
16:55:31;-18.10;-30.00;-30.00;17.60;-18.80;-18.10;-19.79;15.50;5.50
16:55:33;-18.10;-30.00;-30.01;17.70;-18.80;-18.10;-19.79;15.50;5.60
16:55:35;-18.10;-30.00;-30.01;17.70;-18.80;-18.10;-19.78;15.50;5.50
16:55:37;-18.10;-30.00;-30.00;17.70;-18.90;-18.10;-19.78;15.50;5.50
16:55:39;-18.10;-30.00;-30.01;17.70;-18.90;-18.10;-19.78;15.50;5.50
16:55:41;-18.10;-30.00;-30.01;17.60;-18.90;-18.10;-19.79;15.50;5.60
16:55:43;-18.10;-30.00;-30.02;17.70;-18.90;-18.10;-19.79;15.50;5.60
16:55:45;-18.10;-30.00;-30.02;17.70;-18.80;-18.10;-19.79;15.50;5.60
16:55:47;-18.10;-30.00;-30.02;17.70;-18.80;-18.20;-19.80;15.50;5.50
16:55:49;-18.10;-30.00;-30.01;17.70;-18.90;-18.10;-19.80;15.50;5.60
16:55:51;-18.10;-30.00;-30.02;17.60;-18.90;-18.20;-19.80;15.50;5.50
16:55:53;-18.10;-30.00;-30.02;17.60;-18.90;-18.10;-19.80;15.50;5.50
16:55:55;-18.10;-30.00;-30.02;17.70;-18.80;-18.10;-19.79;15.50;5.60
16:55:57;-18.10;-30.00;-30.01;17.70;-18.80;-18.10;-19.79;15.50;5.50
16:55:59;-18.10;-30.00;-30.00;17.60;-18.80;-18.10;-19.78;15.50;5.50
16:56:01;-18.10;-30.00;-30.01;17.70;-18.80;-18.10;-19.78;15.50;5.50
16:56:03;-18.10;-30.00;-30.01;17.60;-18.80;-18.10;-19.78;15.50;5.50
16:56:05;-18.10;-30.00;-30.00;17.60;-18.90;-18.10;-19.79;15.50;5.50
16:56:07;-18.10;-30.00;-29.97;17.60;-18.80;-18.10;-19.79;15.50;5.50
16:56:09;-18.10;-30.00;-29.97;17.60;-18.80;-18.10;-19.79;15.50;5.50
16:56:11;-18.10;-30.00;-29.99;17.70;-18.80;-18.10;-19.78;15.50;5.50
16:56:13;-18.10;-30.00;-30.01;17.60;-18.90;-18.10;-19.78;15.50;5.50
16:56:17;-18.10;-30.00;-30.00;17.70;-18.80;-18.10;-19.76;15.50;5.50
16:56:19;-18.10;-30.00;-30.00;17.60;-18.80;-18.10;-19.77;15.50;5.50
16:56:21;-18.10;-30.00;-30.00;17.60;-18.80;-18.10;-19.78;15.50;5.50
16:56:23;-18.10;-30.00;-30.01;17.60;-18.90;-18.10;-19.78;15.50;5.50
16:56:25;-18.10;-30.00;-30.02;17.60;-18.90;-18.10;-19.78;15.50;5.50
16:56:27;-18.10;-30.00;-30.01;17.60;-18.80;-18.10;-19.79;15.50;5.60
16:56:29;-18.10;-30.00;-30.01;17.60;-18.80;-18.10;-19.79;15.50;5.50
16:56:31;-18.10;-30.00;-30.01;17.60;-18.90;-18.10;-19.79;15.50;5.60
16:56:33;-18.10;-30.00;-30.00;17.60;-18.80;-18.10;-19.80;15.50;5.50
16:56:35;-18.10;-30.00;-30.01;17.60;-18.80;-18.20;-19.80;15.50;5.50
16:56:37;-18.10;-30.00;-29.99;17.60;-18.80;-18.20;-19.80;15.50;5.50
16:56:39;-18.10;-30.00;-29.98;17.60;-18.90;-18.20;-19.79;15.40;5.60
16:56:41;-18.10;-30.00;-30.00;17.60;-18.80;-18.20;-19.78;15.40;5.60
16:56:43;-18.10;-30.00;-30.01;17.60;-18.80;-18.20;-19.78;15.50;5.50
16:56:45;-18.10;-30.00;-30.01;17.60;-18.80;-18.20;-19.78;15.40;5.60
16:56:47;-18.10;-30.00;-30.03;17.60;-18.80;-18.10;-19.79;15.50;5.50
16:56:49;-18.10;-30.00;-30.03;17.60;-18.90;-18.10;-19.79;15.50;5.50
16:56:51;-18.10;-30.00;-30.01;17.60;-18.80;-18.10;-19.79;15.40;5.50
16:56:53;-18.10;-30.00;-30.00;17.60;-18.90;-18.10;-19.78;15.50;5.50
16:56:55;-18.10;-30.00;-30.01;17.60;-18.90;-18.10;-19.76;15.50;5.50
16:56:57;-18.10;-30.00;-30.03;17.60;-18.90;-18.10;-19.76;15.40;5.50
16:56:59;-18.10;-30.00;-30.03;17.60;-18.90;-18.10;-19.76;15.50;5.50
16:57:01;-18.10;-30.00;-30.03;17.60;-18.90;-18.10;-19.75;15.50;5.60
16:57:03;-18.10;-30.00;-30.02;17.60;-18.90;-18.10;-19.75;15.50;5.50
16:57:05;-18.10;-30.00;-29.98;17.60;-18.80;-18.10;-19.76;15.50;5.60
16:57:07;-18.10;-30.00;-29.98;17.60;-18.80;-18.10;-19.76;15.50;5.50
16:57:09;-18.10;-30.00;-29.99;17.60;-18.80;-18.10;-19.76;15.40;5.50
16:57:11;-18.10;-30.00;-29.98;17.60;-18.80;-18.10;-19.77;15.40;5.50
16:57:13;-18.10;-30.00;-30.00;17.60;-18.90;-18.10;-19.77;15.50;5.50
16:57:15;-18.10;-30.00;-30.01;17.60;-18.80;-18.10;-19.77;15.50;5.50
16:57:17;-18.10;-30.00;-30.00;17.60;-18.80;-18.10;-19.77;15.50;5.50
16:57:19;-18.10;-30.00;-30.00;17.60;-18.80;-18.10;-19.78;15.50;5.60
16:57:21;-18.10;-30.00;-30.02;17.60;-18.80;-18.10;-19.79;15.50;5.50
16:57:23;-18.10;-30.00;-30.03;17.60;-18.80;-18.10;-19.80;15.50;5.60
16:57:25;-18.10;-30.00;-30.02;17.60;-18.80;-18.20;-19.79;15.50;5.60
16:57:27;-18.10;-30.00;-30.00;17.60;-18.80;-18.10;-19.79;15.40;5.50
16:57:29;-18.10;-30.00;-29.99;17.60;-18.80;-18.10;-19.78;15.50;5.50
16:57:31;-18.10;-30.00;-29.98;17.60;-18.80;-18.10;-19.78;15.40;5.50
16:57:33;-18.10;-30.00;-29.96;17.60;-18.80;-18.10;-19.79;15.40;5.50
16:57:35;-18.10;-30.00;-29.97;17.60;-18.90;-18.10;-19.78;15.40;5.60
16:57:37;-18.10;-30.00;-29.98;17.60;-18.80;-18.10;-19.79;15.50;5.50
16:57:39;-18.10;-30.00;-29.98;17.60;-18.90;-18.10;-19.79;15.40;5.50
16:57:41;-18.10;-30.00;-29.99;17.60;-18.80;-18.10;-19.78;15.40;5.50
16:57:43;-18.10;-30.00;-30.01;17.60;-18.80;-18.10;-19.78;15.40;5.50
16:57:45;-18.10;-30.00;-30.01;17.60;-18.80;-18.10;-19.78;15.50;5.50
16:57:47;-18.10;-30.00;-30.01;17.60;-18.80;-18.10;-19.77;15.50;5.50
16:57:49;-18.10;-30.00;-30.01;17.60;-18.90;-18.10;-19.77;15.40;5.50
16:57:51;-18.10;-30.00;-30.01;17.60;-18.80;-18.10;-19.77;15.40;5.60
16:57:53;-18.10;-30.00;-29.98;17.60;-18.80;-18.10;-19.77;15.40;5.50
16:57:55;-18.10;-30.00;-29.98;17.60;-18.80;-18.10;-19.77;15.40;5.50
16:57:57;-18.10;-30.00;-29.99;17.60;-18.80;-18.10;-19.77;15.40;5.50
16:57:59;-18.10;-30.00;-30.00;17.60;-18.80;-18.10;-19.77;15.40;5.50
16:58:01;-18.10;-30.00;-30.00;17.60;-18.80;-18.10;-19.77;15.40;5.50
16:58:03;-18.10;-30.00;-29.99;17.60;-18.80;-18.10;-19.77;15.40;5.50
16:58:07;-18.10;-30.00;-30.00;17.60;-18.80;-18.10;-19.75;15.40;5.50
16:58:09;-18.10;-30.00;-30.01;17.60;-18.80;-18.10;-19.76;15.40;5.50
16:58:11;-18.10;-30.00;-29.98;17.60;-18.80;-18.10;-19.76;15.40;5.50
16:58:13;-18.10;-30.00;-29.98;17.60;-18.80;-18.10;-19.77;15.40;5.60
16:58:15;-18.10;-30.00;-29.99;17.60;-18.80;-18.10;-19.76;15.40;5.50
16:58:17;-18.10;-30.00;-30.00;17.60;-18.90;-18.10;-19.77;15.40;5.50
16:58:19;-18.10;-30.00;-30.00;17.60;-18.80;-18.10;-19.78;15.40;5.60
16:58:21;-18.10;-30.00;-30.01;17.60;-18.80;-18.10;-19.78;15.40;5.50
16:58:23;-18.10;-30.00;-30.01;17.60;-18.90;-18.10;-19.78;15.40;5.60
16:58:25;-18.10;-30.00;-30.01;17.60;-18.90;-18.10;-19.78;15.40;5.60
16:58:27;-18.10;-30.00;-30.02;17.60;-18.80;-18.10;-19.78;15.40;5.50
16:58:29;-18.10;-30.00;-30.02;17.60;-18.80;-18.10;-19.78;15.40;5.60
16:58:31;-18.10;-30.00;-30.01;17.60;-18.90;-18.10;-19.78;15.40;5.50
16:58:33;-18.10;-30.00;-29.96;17.60;-18.90;-18.10;-19.78;15.50;5.60
16:58:35;-18.10;-30.00;-29.94;17.60;-18.80;-18.10;-19.79;15.40;5.50
16:58:37;-18.10;-30.00;-29.97;17.60;-18.80;-18.10;-19.80;15.40;5.50
16:58:39;-18.10;-30.00;-30.00;17.60;-18.90;-18.10;-19.80;15.40;5.60
16:58:41;-18.10;-30.00;-30.02;17.60;-18.80;-18.10;-19.82;15.40;5.50
16:58:43;-18.10;-30.00;-30.01;17.60;-18.90;-18.10;-19.83;15.40;5.50
16:58:45;-18.10;-30.00;-29.97;17.60;-18.80;-18.10;-19.82;15.40;5.50
16:58:47;-18.10;-30.00;-29.99;17.60;-18.90;-18.20;-19.81;15.40;5.50
16:58:49;-18.10;-30.00;-29.99;17.60;-18.90;-18.10;-19.81;15.40;5.50
16:58:51;-18.10;-30.00;-29.99;17.60;-18.90;-18.10;-19.80;15.40;5.50
16:58:53;-18.10;-30.00;-29.99;17.60;-18.90;-18.10;-19.80;15.40;5.50
16:58:55;-18.10;-30.00;-29.99;17.60;-18.90;-18.10;-19.79;15.40;5.60
16:58:57;-18.10;-30.00;-30.02;17.60;-18.90;-18.20;-19.80;15.40;5.50
16:58:59;-18.10;-30.00;-30.00;17.60;-18.90;-18.10;-19.80;15.40;5.50
16:59:01;-18.10;-30.00;-30.00;17.60;-18.90;-18.10;-19.78;15.40;5.50
16:59:03;-18.10;-30.00;-30.00;17.60;-18.80;-18.10;-19.79;15.40;5.50
16:59:05;-18.10;-30.00;-30.02;17.60;-18.90;-18.20;-19.79;15.40;5.50
16:59:07;-18.10;-30.00;-30.02;17.60;-18.90;-18.10;-19.78;15.40;5.50
16:59:09;-18.10;-30.00;-30.02;17.60;-18.90;-18.10;-19.78;15.40;5.50
16:59:11;-18.10;-30.00;-30.02;17.60;-18.80;-18.10;-19.78;15.50;5.50
16:59:13;-18.10;-30.00;-30.01;17.50;-18.90;-18.10;-19.79;15.40;5.50
16:59:15;-18.10;-30.00;-30.00;17.60;-18.90;-18.10;-19.80;15.50;5.50
16:59:17;-18.10;-30.00;-30.01;17.60;-18.90;-18.20;-19.80;15.50;5.50
16:59:19;-18.10;-30.00;-30.00;17.50;-18.90;-18.10;-19.79;15.50;5.60
16:59:21;-18.10;-30.00;-30.02;17.60;-18.90;-18.10;-19.79;15.50;5.50
16:59:23;-18.10;-30.00;-30.03;17.60;-18.90;-18.20;-19.78;15.50;5.50
16:59:25;-18.10;-30.00;-30.01;17.50;-18.90;-18.10;-19.78;15.50;5.60
16:59:27;-18.10;-30.00;-30.00;17.60;-18.90;-18.20;-19.78;15.40;5.50
16:59:29;-18.10;-30.00;-30.00;17.60;-18.90;-18.20;-19.79;15.50;5.50
16:59:31;-18.10;-30.00;-30.00;17.60;-18.90;-18.10;-19.80;15.50;5.50
16:59:33;-18.10;-30.00;-30.01;17.60;-18.90;-18.20;-19.80;15.40;5.50
16:59:35;-18.10;-30.00;-30.01;17.50;-18.90;-18.10;-19.81;15.50;5.50
16:59:37;-18.10;-30.00;-30.01;17.60;-18.90;-18.10;-19.81;15.40;5.50
16:59:39;-18.10;-30.00;-30.01;17.60;-18.90;-18.10;-19.81;15.50;5.50
16:59:41;-18.10;-30.00;-30.02;17.60;-18.90;-18.10;-19.80;15.40;5.50
16:59:43;-18.10;-30.00;-30.01;17.60;-18.80;-18.10;-19.80;15.40;5.50
16:59:45;-18.10;-30.00;-30.01;17.60;-18.90;-18.10;-19.78;15.50;5.50
16:59:47;-18.10;-30.00;-30.01;17.60;-18.80;-18.10;-19.78;15.50;5.50
16:59:49;-18.10;-30.00;-29.98;17.50;-18.90;-18.10;-19.77;15.50;5.50
16:59:51;-18.10;-30.00;-29.98;17.50;-18.90;-18.10;-19.79;15.40;5.50
16:59:56;-18.10;-30.00;-29.98;17.50;-18.90;-18.10;-19.77;15.40;5.50
16:59:57;-18.10;-30.00;-30.01;17.50;-18.90;-18.10;-19.77;15.40;5.50
16:59:59;-18.10;-30.00;-30.01;17.50;-18.90;-18.10;-19.77;15.40;5.50
17:00:01;-18.10;-30.00;-30.01;17.50;-18.90;-18.10;-19.77;15.40;5.50
17:00:03;-18.10;-30.00;-30.01;17.50;-18.90;-18.10;-19.77;15.50;5.50
17:00:05;-18.10;-30.00;-30.01;17.50;-18.80;-18.10;-19.78;15.50;5.50
17:00:07;-18.10;-30.00;-29.99;17.50;-18.90;-18.10;-19.78;15.50;5.60
17:00:09;-18.10;-30.00;-30.00;17.50;-18.90;-18.10;-19.78;15.50;5.50
17:00:11;-18.10;-30.00;-29.99;17.50;-18.90;-18.10;-19.77;15.50;5.50
17:00:13;-18.10;-30.00;-30.00;17.50;-18.90;-18.10;-19.78;15.40;5.50
17:00:15;-18.10;-30.00;-30.00;17.50;-18.90;-18.10;-19.78;15.40;5.60
17:00:17;-18.10;-30.00;-29.99;17.50;-18.90;-18.10;-19.79;15.40;5.50
17:00:19;-18.10;-30.00;-29.99;17.50;-18.90;-18.20;-19.80;15.40;5.50
17:00:21;-18.10;-30.00;-30.00;17.50;-18.90;-18.10;-19.80;15.40;5.50
17:00:23;-18.10;-30.00;-30.00;17.50;-18.90;-18.10;-19.81;15.40;5.50
17:00:25;-18.10;-30.00;-30.00;17.50;-18.80;-18.10;-19.80;15.40;5.60
17:00:27;-18.10;-30.00;-30.00;17.50;-18.80;-18.10;-19.80;15.50;5.50
17:00:29;-18.10;-30.00;-30.00;17.50;-18.80;-18.10;-19.80;15.40;5.50
17:00:32;-18.10;-30.00;-30.00;17.50;-18.80;-18.10;-19.80;15.40;5.50
17:00:33;-18.10;-30.00;-30.00;17.50;-18.90;-18.10;-19.80;15.50;5.50
17:00:36;-18.10;-30.00;-30.00;17.50;-18.80;-18.10;-19.79;15.40;5.50
17:00:38;-18.10;-30.00;-29.98;17.50;-18.90;-18.10;-19.80;15.40;5.50
17:00:39;-18.10;-30.00;-30.00;17.50;-18.90;-18.10;-19.80;15.40;5.50
17:00:41;-18.10;-30.00;-30.00;17.50;-18.80;-18.10;-19.80;15.40;5.50
17:00:44;-18.10;-30.00;-29.97;17.50;-18.90;-18.10;-19.80;15.40;5.50
17:00:45;-18.10;-30.00;-29.98;17.50;-18.80;-18.10;-19.79;15.40;5.50
17:00:48;-18.10;-30.00;-29.98;17.50;-18.90;-18.10;-19.79;15.40;5.50
17:00:49;-18.10;-30.00;-29.98;17.50;-18.90;-18.10;-19.80;15.40;5.50
17:00:52;-18.10;-30.00;-30.00;17.50;-18.90;-18.10;-19.79;15.40;5.50
17:00:54;-18.10;-30.00;-30.01;17.50;-18.90;-18.10;-19.79;15.40;5.50
17:00:55;-18.10;-30.00;-29.96;17.50;-18.90;-18.10;-19.79;15.40;5.50
17:00:57;-18.10;-30.00;-29.96;17.50;-18.90;-18.10;-19.78;15.40;5.50
17:01:00;-18.10;-30.00;-30.00;17.50;-18.90;-18.10;-19.78;15.40;5.50
17:01:01;-18.10;-30.00;-30.01;17.50;-18.80;-18.10;-19.77;15.40;5.50
17:01:04;-18.10;-30.00;-29.99;17.50;-18.90;-18.10;-19.77;15.40;5.50
17:01:05;-18.10;-30.00;-29.98;17.50;-18.90;-18.10;-19.77;15.50;5.50
17:01:08;-18.10;-30.00;-30.00;17.50;-18.80;-18.10;-19.77;15.50;5.50
17:01:10;-18.10;-30.00;-30.02;17.50;-18.90;-18.10;-19.78;15.50;5.50
17:01:11;-18.10;-30.00;-30.04;17.50;-18.90;-18.10;-19.79;15.50;5.50
17:01:13;-18.10;-30.00;-30.03;17.50;-18.90;-18.10;-19.79;15.50;5.50
17:01:16;-18.10;-30.00;-30.02;17.50;-18.80;-18.10;-19.80;15.50;5.50
17:01:17;-18.10;-30.00;-30.03;17.50;-18.90;-18.10;-19.81;15.50;5.50
17:01:19;-18.10;-30.00;-30.03;17.50;-18.90;-18.10;-19.80;15.50;5.50
17:01:21;-18.10;-30.00;-30.00;17.50;-18.90;-18.10;-19.80;15.50;5.50
17:01:23;-18.10;-30.00;-30.01;17.50;-18.90;-18.10;-19.80;15.50;5.50
17:01:26;-18.10;-30.00;-30.00;17.50;-18.80;-18.10;-19.80;15.50;5.50
17:01:27;-18.10;-30.00;-30.00;17.50;-18.90;-18.10;-19.78;15.50;5.50
17:01:29;-18.10;-30.00;-30.00;17.50;-18.80;-18.10;-19.78;15.40;5.50
17:01:32;-18.10;-30.00;-30.00;17.50;-18.90;-18.10;-19.79;15.40;5.50
17:01:34;-18.10;-30.00;-30.00;17.50;-18.90;-18.10;-19.78;15.40;5.50
17:01:36;-18.10;-30.00;-30.00;17.50;-18.90;-18.10;-19.79;15.40;5.50
17:01:38;-18.10;-30.00;-30.00;17.50;-18.90;-18.10;-19.79;15.40;5.50
17:01:40;-18.10;-30.00;-30.03;17.50;-18.90;-18.10;-19.79;15.40;5.50
17:01:45;-18.10;-30.00;-30.02;17.50;-18.90;-18.10;-19.78;15.40;5.50
17:01:48;-18.10;-30.00;-30.00;17.50;-18.90;-18.10;-19.79;15.50;5.50
17:01:50;-18.10;-30.00;-29.99;17.50;-18.90;-18.10;-19.78;15.50;5.50
17:01:52;-18.10;-30.00;-29.92;17.50;-18.90;-18.10;-19.78;15.50;5.50
17:01:54;-18.10;-30.00;-29.92;17.50;-18.90;-18.10;-19.78;15.50;5.50
17:01:56;-18.10;-30.00;-29.96;17.50;-18.80;-18.10;-19.79;15.50;5.50
17:01:58;-18.10;-30.00;-29.99;17.50;-18.90;-18.10;-19.79;15.50;5.50
17:02:00;-18.10;-30.00;-29.98;17.50;-18.80;-18.10;-19.79;15.50;5.50
17:02:02;-18.10;-30.00;-29.98;17.50;-18.80;-18.10;-19.79;15.50;5.50
17:02:04;-18.10;-30.00;-29.99;17.50;-18.90;-18.10;-19.79;15.50;5.50
17:02:06;-18.10;-30.00;-30.00;17.50;-18.90;-18.10;-19.79;15.40;5.50
17:02:08;-18.10;-30.00;-30.02;17.50;-18.90;-18.10;-19.78;15.50;5.50
17:02:10;-18.10;-30.00;-30.02;17.50;-18.90;-18.10;-19.77;15.50;5.50
17:02:12;-18.10;-30.00;-30.01;17.50;-18.80;-18.10;-19.77;15.50;5.50
17:02:14;-18.10;-30.00;-30.00;17.50;-18.80;-18.10;-19.77;15.40;5.50
17:02:16;-18.10;-30.00;-29.98;17.50;-18.90;-18.10;-19.77;15.50;5.50
17:02:18;-18.10;-30.00;-29.99;17.50;-18.90;-18.10;-19.77;15.50;5.50
17:02:20;-18.10;-30.00;-30.00;17.50;-18.80;-18.10;-19.77;15.50;5.50
17:02:22;-18.10;-30.00;-30.00;17.50;-18.80;-18.10;-19.76;15.50;5.50
17:02:24;-18.10;-30.00;-30.00;17.50;-18.80;-18.10;-19.76;15.50;5.50
17:02:26;-18.10;-30.00;-30.00;17.50;-18.80;-18.10;-19.77;15.50;5.50
17:02:28;-18.10;-30.00;-30.02;17.50;-18.80;-18.10;-19.77;15.50;5.50
17:02:30;-18.10;-30.00;-30.02;17.50;-18.80;-18.10;-19.76;15.50;5.50
17:02:32;-18.10;-30.00;-30.04;17.50;-18.80;-18.10;-19.75;15.50;5.50
17:02:34;-18.10;-30.00;-30.05;17.50;-18.80;-18.10;-19.76;15.50;5.50
17:02:36;-18.10;-30.00;-30.02;17.50;-18.80;-18.10;-19.76;15.50;5.50
17:02:38;-18.10;-30.00;-30.00;17.50;-18.80;-18.10;-19.75;15.50;5.50
17:02:40;-18.10;-30.00;-29.99;17.50;-18.80;-18.10;-19.75;15.50;5.50
17:02:42;-18.10;-30.00;-29.97;17.50;-18.80;-18.10;-19.75;15.50;5.50
17:02:44;-18.10;-30.00;-29.99;17.50;-18.80;-18.10;-19.76;15.60;5.50
17:02:46;-18.10;-30.00;-29.99;17.50;-18.80;-18.10;-19.76;15.50;5.50
17:02:48;-18.10;-30.00;-29.99;17.50;-18.80;-18.10;-19.76;15.60;5.50
17:02:50;-18.10;-30.00;-29.98;17.50;-18.80;-18.10;-19.77;15.60;5.50
17:02:52;-18.10;-30.00;-30.00;17.50;-18.80;-18.10;-19.77;15.50;5.50
17:02:54;-18.10;-30.00;-30.02;17.50;-18.80;-18.10;-19.77;15.50;5.50
17:02:56;-18.10;-30.00;-30.00;17.50;-18.80;-18.10;-19.77;15.50;5.50
17:02:58;-18.10;-30.00;-29.96;17.50;-18.80;-18.10;-19.78;15.50;5.50
17:03:00;-18.10;-30.00;-29.97;17.50;-18.80;-18.10;-19.78;15.50;5.50
17:03:02;-18.10;-30.00;-29.99;17.50;-18.80;-18.10;-19.77;15.40;5.50
17:03:04;-18.10;-30.00;-30.00;17.50;-18.80;-18.10;-19.77;15.50;5.50
17:03:06;-18.10;-30.00;-30.00;17.50;-18.80;-18.10;-19.76;15.50;5.50
17:03:08;-18.10;-30.00;-30.02;17.50;-18.80;-18.10;-19.76;15.40;5.50
17:03:10;-18.10;-30.00;-30.02;17.50;-18.80;-18.10;-19.77;15.40;5.50
17:03:12;-18.10;-30.00;-30.02;17.50;-18.80;-18.10;-19.77;15.40;5.50
17:03:14;-18.10;-30.00;-30.01;17.50;-18.80;-18.10;-19.76;15.40;5.50
17:03:16;-18.10;-30.00;-30.01;17.50;-18.80;-18.10;-19.76;15.40;5.50
17:03:18;-18.10;-30.00;-29.99;17.50;-18.80;-18.10;-19.76;15.40;5.50
17:03:20;-18.10;-30.00;-30.00;17.50;-18.80;-18.10;-19.76;15.40;5.50
17:03:22;-18.10;-30.00;-30.01;17.50;-18.80;-18.10;-19.77;15.40;5.50
17:03:24;-18.10;-30.00;-30.01;17.50;-18.80;-18.10;-19.77;15.40;5.50
17:03:26;-18.10;-30.00;-30.00;17.50;-18.80;-18.10;-19.77;15.40;5.50
17:03:28;-18.10;-30.00;-30.02;17.50;-18.80;-18.10;-19.78;15.40;5.50
17:03:30;-18.10;-30.00;-30.02;17.50;-18.80;-18.10;-19.77;15.40;5.50
17:03:34;-18.10;-30.00;-30.02;17.50;-18.80;-18.10;-19.76;15.40;5.50
17:03:36;-18.10;-30.00;-30.01;17.50;-18.80;-18.10;-19.76;15.40;5.50
17:03:38;-18.10;-30.00;-30.00;17.50;-18.80;-18.10;-19.76;15.40;5.50
17:03:40;-18.10;-30.00;-29.98;17.50;-18.80;-18.10;-19.77;15.40;5.50
17:03:42;-18.10;-30.00;-29.98;17.50;-18.80;-18.10;-19.75;15.50;5.50
17:03:44;-18.10;-30.00;-29.99;17.50;-18.80;-18.10;-19.76;15.40;5.50
17:03:46;-18.10;-30.00;-30.00;17.50;-18.80;-18.10;-19.76;15.50;5.50
17:03:48;-18.10;-30.00;-30.00;17.50;-18.80;-18.10;-19.75;15.40;5.50
17:03:50;-18.10;-30.00;-30.00;17.50;-18.80;-18.10;-19.74;15.40;5.50
17:03:52;-18.10;-30.00;-30.00;17.50;-18.80;-18.10;-19.74;15.40;5.50
17:03:54;-18.10;-30.00;-29.99;17.50;-18.80;-18.10;-19.75;15.50;5.50
17:03:56;-18.10;-30.00;-29.98;17.50;-18.80;-18.10;-19.75;15.50;5.50
17:03:58;-18.10;-30.00;-29.98;17.50;-18.80;-18.10;-19.75;15.50;5.50
17:04:00;-18.10;-30.00;-30.00;17.50;-18.80;-18.10;-19.76;15.50;5.50
17:04:02;-18.10;-30.00;-30.02;17.50;-18.80;-18.10;-19.77;15.50;5.50
17:04:04;-18.10;-30.00;-30.01;17.50;-18.80;-18.10;-19.77;15.40;5.50
17:04:06;-18.10;-30.00;-30.02;17.50;-18.80;-18.10;-19.77;15.50;5.50
17:04:08;-18.10;-30.00;-30.01;17.50;-18.80;-18.10;-19.76;15.50;5.50
17:04:10;-18.10;-30.00;-30.02;17.50;-18.80;-18.10;-19.77;15.50;5.40
17:04:12;-18.10;-30.00;-30.01;17.50;-18.80;-18.10;-19.77;15.50;5.50
17:04:14;-18.10;-30.00;-30.01;17.50;-18.80;-18.10;-19.77;15.50;5.40
17:04:16;-18.10;-30.00;-30.00;17.50;-18.80;-18.10;-19.76;15.50;5.50
17:04:18;-18.10;-30.00;-30.00;17.50;-18.80;-18.00;-19.75;15.50;5.50
17:04:20;-18.10;-30.00;-30.01;17.50;-18.80;-18.10;-19.75;15.50;5.50
17:04:22;-18.10;-30.00;-30.00;17.50;-18.80;-18.10;-19.74;15.50;5.50
17:04:24;-18.10;-30.00;-29.97;17.50;-18.80;-18.10;-19.75;15.50;5.50
17:04:26;-18.10;-30.00;-29.99;17.50;-18.80;-18.00;-19.75;15.50;5.50
17:04:28;-18.10;-30.00;-30.01;17.50;-18.80;-18.10;-19.75;15.50;5.50
17:04:30;-18.10;-30.00;-30.00;17.50;-18.80;-18.10;-19.75;15.50;5.50
17:04:32;-18.10;-30.00;-29.99;17.50;-18.80;-18.10;-19.75;15.50;5.50
17:04:34;-18.10;-30.00;-30.00;17.50;-18.80;-18.10;-19.74;15.50;5.50
17:04:36;-18.10;-30.00;-29.99;17.50;-18.80;-18.10;-19.74;15.40;5.50
17:04:38;-18.10;-30.00;-29.99;17.50;-18.80;-18.00;-19.74;15.40;5.50
17:04:40;-18.10;-30.00;-29.99;17.50;-18.80;-18.00;-19.74;15.40;5.50
17:04:42;-18.10;-30.00;-30.00;17.50;-18.80;-18.00;-19.74;15.50;5.50
17:04:44;-18.10;-30.00;-30.02;17.50;-18.80;-18.00;-19.76;15.50;5.50
17:04:46;-18.10;-30.00;-30.02;17.50;-18.80;-18.00;-19.76;15.40;5.50
17:04:48;-18.10;-30.00;-30.03;17.50;-18.80;-18.10;-19.76;15.50;5.50
17:04:50;-18.10;-30.00;-30.03;17.50;-18.80;-18.10;-19.77;15.40;5.50
17:04:52;-18.10;-30.00;-30.01;17.50;-18.80;-18.10;-19.78;15.40;5.50
17:04:54;-18.10;-30.00;-30.01;17.50;-18.80;-18.10;-19.78;15.50;5.50
17:04:56;-18.10;-30.00;-30.02;17.50;-18.80;-18.10;-19.78;15.50;5.50
17:04:58;-18.10;-30.00;-30.00;17.50;-18.80;-18.10;-19.78;15.40;5.50
17:05:00;-18.10;-30.00;-29.99;17.50;-18.80;-18.10;-19.78;15.40;5.50
17:05:02;-18.10;-30.00;-30.00;17.50;-18.80;-18.10;-19.78;15.40;5.50
17:05:04;-18.10;-30.00;-30.01;17.50;-18.80;-18.10;-19.78;15.40;5.50
17:05:06;-18.10;-30.00;-29.99;17.50;-18.90;-18.10;-19.79;15.40;5.50
17:05:08;-18.10;-30.00;-29.99;17.50;-18.80;-18.10;-19.79;15.40;5.50
17:05:10;-18.10;-30.00;-29.99;17.50;-18.80;-18.10;-19.78;15.40;5.50
17:05:12;-18.10;-30.00;-29.99;17.50;-18.90;-18.10;-19.78;15.40;5.50
17:05:14;-18.10;-30.00;-29.96;17.50;-18.80;-18.10;-19.77;15.40;5.40
17:05:16;-18.10;-30.00;-29.96;17.50;-18.80;-18.10;-19.77;15.50;5.50
17:05:18;-18.10;-30.00;-29.98;17.50;-18.80;-18.10;-19.77;15.40;5.40
17:05:20;-18.10;-30.00;-29.99;17.50;-18.80;-18.10;-19.77;15.40;5.50
17:05:24;-18.10;-30.00;-29.99;17.50;-18.90;-18.00;-19.75;15.40;5.50
17:05:26;-18.10;-30.00;-29.99;17.50;-18.80;-18.10;-19.76;15.40;5.50
17:05:28;-18.10;-30.00;-30.00;17.50;-18.80;-18.10;-19.76;15.40;5.50
17:05:30;-18.10;-30.00;-30.01;17.50;-18.80;-18.10;-19.77;15.40;5.50
17:05:32;-18.10;-30.00;-30.01;17.50;-18.80;-18.10;-19.77;15.40;5.50
17:05:34;-18.10;-30.00;-30.02;17.50;-18.90;-18.10;-19.77;15.40;5.50
17:05:36;-18.10;-30.00;-30.02;17.50;-18.80;-18.10;-19.77;15.40;5.50
17:05:38;-18.10;-30.00;-30.01;17.50;-18.90;-18.10;-19.76;15.40;5.50
17:05:40;-18.10;-30.00;-30.01;17.50;-18.80;-18.10;-19.76;15.40;5.50
17:05:42;-18.10;-30.00;-29.99;17.50;-18.90;-18.10;-19.76;15.40;5.50
17:05:44;-18.10;-30.00;-29.97;17.50;-18.80;-18.10;-19.77;15.40;5.50
17:05:46;-18.10;-30.00;-29.98;17.50;-18.80;-18.10;-19.77;15.40;5.50
17:05:48;-18.10;-30.00;-29.99;17.50;-18.90;-18.10;-19.77;15.40;5.60
17:05:50;-18.10;-30.00;-30.00;17.50;-18.80;-18.10;-19.77;15.40;5.50
17:05:52;-18.10;-30.00;-30.00;17.50;-18.90;-18.10;-19.76;15.40;5.50
17:05:54;-18.10;-30.00;-30.02;17.50;-18.80;-18.10;-19.76;15.40;5.50
17:05:56;-18.10;-30.00;-30.02;17.50;-18.80;-18.10;-19.75;15.40;5.50
17:05:58;-18.10;-30.00;-30.02;17.50;-18.80;-18.10;-19.75;15.40;5.50
17:06:00;-18.10;-30.00;-30.03;17.50;-18.80;-18.10;-19.76;15.40;5.50
17:06:03;-18.10;-30.00;-30.02;17.50;-18.80;-18.10;-19.77;15.40;5.50
17:06:04;-18.10;-30.00;-30.00;17.50;-18.80;-18.10;-19.77;15.40;5.50
17:06:07;-18.10;-30.00;-29.99;17.50;-18.80;-18.10;-19.77;15.40;5.50
17:06:08;-18.10;-30.00;-29.97;17.50;-18.80;-18.10;-19.77;15.40;5.50
17:06:11;-18.10;-30.00;-29.97;17.50;-18.80;-18.10;-19.77;15.40;5.50
17:06:13;-18.10;-30.00;-29.97;17.50;-18.80;-18.10;-19.77;15.40;5.50
17:06:14;-18.10;-30.00;-29.97;17.50;-18.80;-18.10;-19.78;15.40;5.50
17:06:16;-18.10;-30.00;-29.99;17.50;-18.80;-18.10;-19.78;15.40;5.50
17:06:19;-18.10;-30.00;-29.99;17.50;-18.90;-18.10;-19.77;15.40;5.50
17:06:21;-18.10;-30.00;-29.99;17.50;-18.80;-18.10;-19.77;15.40;5.50
17:06:23;-18.10;-30.00;-30.01;17.50;-18.80;-18.10;-19.77;15.50;5.50
17:06:25;-18.10;-30.00;-30.02;17.50;-18.80;-18.10;-19.76;15.40;5.50
17:06:27;-18.10;-30.00;-30.01;17.50;-18.80;-18.10;-19.76;15.40;5.50
17:06:29;-18.10;-30.00;-30.03;17.50;-18.80;-18.10;-19.77;15.50;5.50
17:06:31;-18.10;-30.00;-30.03;17.50;-18.80;-18.10;-19.77;15.50;5.50
17:06:33;-18.10;-30.00;-30.02;17.50;-18.80;-18.10;-19.77;15.50;5.50
17:06:35;-18.10;-30.00;-30.02;17.40;-18.80;-18.10;-19.78;15.50;5.50
17:06:37;-18.10;-30.00;-30.01;17.40;-18.90;-18.10;-19.77;15.50;5.50
17:06:39;-18.10;-30.00;-30.01;17.50;-18.90;-18.10;-19.77;15.50;5.50
17:06:41;-18.10;-30.00;-30.00;17.50;-18.80;-18.10;-19.77;15.50;5.50
17:06:43;-18.10;-30.00;-29.99;17.50;-18.80;-18.10;-19.76;15.50;5.50
17:06:45;-18.10;-30.00;-29.98;17.40;-18.80;-18.10;-19.77;15.50;5.50
17:06:47;-18.10;-30.00;-30.00;17.50;-18.90;-18.10;-19.76;15.40;5.50
17:06:49;-18.10;-30.00;-30.00;17.50;-18.80;-18.10;-19.76;15.40;5.50
17:06:51;-18.10;-30.00;-30.00;17.50;-18.80;-18.10;-19.76;15.40;5.50
17:06:53;-18.10;-30.00;-30.01;17.40;-18.80;-18.10;-19.76;15.40;5.50
17:06:55;-18.10;-30.00;-29.99;17.50;-18.80;-18.10;-19.77;15.40;5.40
17:06:57;-18.10;-30.00;-29.99;17.50;-18.80;-18.10;-19.77;15.40;5.40
17:06:59;-18.10;-30.00;-29.97;17.50;-18.90;-18.10;-19.78;15.40;5.50
17:07:01;-18.10;-30.00;-29.97;17.40;-18.80;-18.10;-19.80;15.40;5.50
17:07:03;-18.10;-30.00;-29.98;17.50;-18.90;-18.10;-19.80;15.40;5.50
17:07:05;-18.10;-30.00;-29.97;17.50;-18.80;-18.10;-19.81;15.30;5.50
17:07:07;-18.10;-30.00;-29.99;17.50;-18.80;-18.10;-19.81;15.30;5.50
17:07:09;-18.10;-30.00;-30.01;17.40;-18.80;-18.10;-19.82;15.40;5.50
17:07:14;-18.10;-30.00;-30.02;17.40;-18.80;-18.10;-19.80;15.40;5.50
17:07:17;-18.10;-30.00;-30.01;17.40;-18.80;-18.10;-19.80;15.40;5.50
17:07:19;-18.10;-30.00;-30.01;17.40;-18.80;-18.10;-19.80;15.40;5.40
17:07:21;-18.10;-30.00;-30.01;17.50;-18.90;-18.10;-19.79;15.40;5.50
17:07:23;-18.10;-30.00;-29.99;17.40;-18.80;-18.10;-19.80;15.40;5.60
17:07:25;-18.10;-30.00;-29.99;17.50;-18.80;-18.10;-19.80;15.40;5.50
17:07:27;-18.10;-30.00;-29.97;17.50;-18.80;-18.10;-19.80;15.40;5.50
17:07:29;-18.10;-30.00;-29.98;17.50;-18.80;-18.10;-19.79;15.40;5.40
17:07:31;-18.10;-30.00;-30.00;17.40;-18.80;-18.10;-19.80;15.40;5.50
17:07:33;-18.10;-30.00;-29.97;17.50;-18.80;-18.10;-19.80;15.40;5.50
17:07:35;-18.10;-30.00;-29.96;17.40;-18.80;-18.10;-19.80;15.40;5.50
17:07:37;-18.10;-30.00;-29.98;17.40;-18.80;-18.10;-19.80;15.50;5.50
17:07:39;-18.10;-30.00;-29.99;17.50;-18.80;-18.10;-19.80;15.40;5.50
17:07:41;-18.10;-30.00;-30.00;17.40;-18.80;-18.10;-19.80;15.50;5.50
17:07:43;-18.10;-30.00;-30.01;17.50;-18.80;-18.10;-19.81;15.50;5.50
17:07:45;-18.10;-30.00;-29.99;17.40;-18.80;-18.10;-19.81;15.50;5.40
17:07:47;-18.10;-30.00;-29.98;17.40;-18.80;-18.10;-19.81;15.50;5.50
17:07:49;-18.10;-30.00;-30.00;17.40;-18.80;-18.10;-19.81;15.50;5.50
17:07:51;-18.10;-30.00;-30.02;17.40;-18.80;-18.10;-19.80;15.50;5.50
17:07:53;-18.10;-30.00;-30.02;17.40;-18.80;-18.10;-19.80;15.50;5.50
17:07:55;-18.10;-30.00;-30.00;17.40;-18.80;-18.10;-19.79;15.50;5.40
17:07:57;-18.10;-30.00;-30.00;17.40;-18.80;-18.20;-19.79;15.50;5.40
17:07:59;-18.10;-30.00;-29.97;17.40;-18.80;-18.10;-19.80;15.40;5.50
17:08:01;-18.10;-30.00;-29.98;17.40;-18.90;-18.10;-19.80;15.40;5.50
17:08:03;-18.10;-30.00;-30.00;17.40;-18.80;-18.10;-19.80;15.50;5.40
17:08:05;-18.10;-30.00;-30.02;17.40;-18.80;-18.20;-19.80;15.40;5.40
17:08:07;-18.10;-30.00;-30.01;17.40;-18.80;-18.10;-19.80;15.40;5.50
17:08:09;-18.10;-30.00;-29.98;17.40;-18.80;-18.20;-19.79;15.50;5.50
17:08:11;-18.10;-30.00;-29.97;17.40;-18.80;-18.20;-19.80;15.40;5.50
17:08:13;-18.10;-30.00;-29.96;17.40;-18.80;-18.20;-19.79;15.40;5.40
17:08:15;-18.10;-30.00;-29.94;17.40;-18.80;-18.20;-19.78;15.40;5.50
17:08:17;-18.10;-30.00;-29.97;17.40;-18.80;-18.20;-19.79;15.40;5.50
17:08:19;-18.10;-30.00;-30.00;17.40;-18.90;-18.10;-19.78;15.40;5.50
17:08:21;-18.10;-30.00;-30.02;17.40;-18.80;-18.10;-19.78;15.40;5.50
17:08:23;-18.10;-30.00;-30.05;17.40;-18.90;-18.10;-19.78;15.40;5.50
17:08:25;-18.10;-30.00;-30.05;17.40;-18.90;-18.10;-19.78;15.40;5.40
17:08:27;-18.10;-30.00;-30.03;17.40;-18.90;-18.10;-19.77;15.40;5.40
17:08:29;-18.10;-30.00;-30.01;17.40;-18.80;-18.00;-19.77;15.40;5.50
17:08:31;-18.10;-30.00;-30.03;17.40;-18.80;-18.10;-19.77;15.40;5.50
17:08:33;-18.10;-30.00;-30.03;17.40;-18.80;-18.10;-19.76;15.40;5.40
17:08:35;-18.10;-30.00;-30.02;17.40;-18.80;-18.10;-19.76;15.40;5.50
17:08:37;-18.10;-30.00;-30.02;17.40;-18.80;-18.10;-19.77;15.40;5.50
17:08:39;-18.10;-30.00;-30.02;17.40;-18.80;-18.10;-19.76;15.40;5.50
17:08:41;-18.10;-30.00;-29.98;17.40;-18.80;-18.10;-19.76;15.40;5.50
17:08:43;-18.10;-30.00;-29.97;17.40;-18.90;-18.10;-19.77;15.40;5.50
17:08:45;-18.10;-30.00;-29.99;17.40;-18.80;-18.10;-19.78;15.40;5.50
17:08:47;-18.10;-30.00;-30.01;17.40;-18.80;-18.10;-19.79;15.40;5.50
17:08:49;-18.10;-30.00;-30.00;17.40;-18.80;-18.10;-19.78;15.40;5.50
17:08:51;-18.10;-30.00;-30.01;17.40;-18.80;-18.00;-19.79;15.40;5.40
17:08:53;-18.10;-30.00;-30.00;17.40;-18.80;-18.10;-19.78;15.40;5.50
17:08:55;-18.10;-30.00;-30.03;17.40;-18.80;-18.10;-19.78;15.40;5.50
17:08:57;-18.10;-30.00;-30.03;17.40;-18.80;-18.10;-19.78;15.40;5.50
17:08:59;-18.10;-30.00;-30.02;17.40;-18.80;-18.10;-19.78;15.40;5.40
17:09:04;-18.10;-30.00;-30.00;17.40;-18.80;-18.10;-19.77;15.40;5.50
17:09:05;-18.10;-30.00;-30.02;17.40;-18.80;-18.10;-19.78;15.40;5.50
17:09:07;-18.10;-30.00;-30.02;17.40;-18.80;-18.10;-19.80;15.40;5.50
17:09:09;-18.10;-30.00;-30.00;17.40;-18.80;-18.10;-19.80;15.40;5.50
17:09:11;-18.10;-30.00;-29.99;17.40;-18.80;-18.10;-19.80;15.40;5.50
17:09:13;-18.10;-30.00;-29.99;17.40;-18.80;-18.10;-19.80;15.40;5.40
17:09:15;-18.10;-30.00;-29.98;17.40;-18.80;-18.10;-19.80;15.50;5.40
17:09:17;-18.10;-30.00;-29.98;17.40;-18.80;-18.10;-19.79;15.40;5.50
17:09:19;-18.10;-30.00;-29.99;17.40;-18.80;-18.10;-19.79;15.50;5.50
17:09:21;-18.10;-30.00;-29.99;17.40;-18.80;-18.10;-19.79;15.50;5.50
17:09:23;-18.10;-30.00;-30.00;17.40;-18.80;-18.10;-19.78;15.50;5.50
17:09:25;-18.10;-30.00;-30.00;17.40;-18.80;-18.10;-19.79;15.50;5.50
17:09:27;-18.10;-30.00;-30.01;17.40;-18.80;-18.10;-19.79;15.50;5.50
17:09:29;-18.10;-30.00;-29.97;17.40;-18.80;-18.20;-19.78;15.50;5.40
17:09:31;-18.10;-30.00;-29.97;17.40;-18.80;-18.10;-19.78;15.50;5.40
17:09:33;-18.10;-30.00;-29.98;17.40;-18.90;-18.10;-19.79;15.50;5.40
17:09:35;-18.10;-30.00;-30.00;17.40;-18.80;-18.10;-19.78;15.50;5.50
17:09:37;-18.10;-30.00;-30.00;17.40;-18.80;-18.10;-19.78;15.50;5.50
17:09:39;-18.10;-30.00;-30.00;17.40;-18.80;-18.10;-19.78;15.50;5.50
17:09:41;-18.10;-30.00;-30.00;17.40;-18.80;-18.10;-19.78;15.50;5.50
17:09:43;-18.10;-30.00;-29.99;17.40;-18.80;-18.10;-19.78;15.50;5.50
17:09:45;-18.10;-30.00;-30.02;17.40;-18.80;-18.10;-19.77;15.50;5.50
17:09:47;-18.10;-30.00;-30.03;17.40;-18.80;-18.10;-19.77;15.50;5.50
17:09:49;-18.10;-30.00;-30.01;17.40;-18.80;-18.10;-19.76;15.50;5.40
17:09:51;-18.10;-30.00;-29.98;17.40;-18.80;-18.10;-19.76;15.50;5.50
17:09:53;-18.10;-30.00;-29.98;17.40;-18.80;-18.10;-19.77;15.50;5.50
17:09:55;-18.10;-30.00;-29.99;17.40;-18.80;-18.10;-19.77;15.50;5.50
17:09:57;-18.10;-30.00;-30.00;17.40;-18.80;-18.10;-19.77;15.50;5.50
17:09:59;-18.10;-30.00;-30.01;17.40;-18.80;-18.10;-19.77;15.50;5.50
17:10:01;-18.10;-30.00;-30.03;17.40;-18.80;-18.10;-19.77;15.50;5.50
17:10:03;-18.10;-30.00;-30.00;17.40;-18.80;-18.10;-19.77;15.50;5.40
17:10:05;-18.10;-30.00;-29.98;17.40;-18.80;-18.10;-19.78;15.50;5.50
17:10:07;-18.10;-30.00;-30.00;17.40;-18.80;-18.10;-19.78;15.50;5.50
17:10:09;-18.10;-30.00;-30.00;17.40;-18.90;-18.10;-19.78;15.50;5.50
17:10:11;-18.10;-30.00;-30.01;17.40;-18.80;-18.10;-19.78;15.50;5.50
17:10:13;-18.10;-30.00;-30.01;17.40;-18.80;-18.10;-19.78;15.50;5.50
17:10:15;-18.10;-30.00;-30.00;17.40;-18.80;-18.10;-19.78;15.50;5.50
17:10:17;-18.10;-30.00;-29.99;17.40;-18.80;-18.10;-19.78;15.50;5.50
17:10:19;-18.10;-30.00;-30.00;17.40;-18.80;-18.10;-19.77;15.50;5.50
17:10:21;-18.10;-30.00;-30.01;17.40;-18.80;-18.10;-19.77;15.50;5.40
17:10:23;-18.10;-30.00;-30.01;17.40;-18.80;-18.10;-19.77;15.50;5.50
17:10:25;-18.10;-30.00;-30.01;17.40;-18.80;-18.10;-19.77;15.50;5.40
17:10:27;-18.10;-30.00;-30.01;17.40;-18.80;-18.10;-19.77;15.50;5.40
17:10:29;-18.10;-30.00;-30.00;17.40;-18.80;-18.10;-19.77;15.50;5.50
17:10:31;-18.10;-30.00;-29.98;17.40;-18.80;-18.10;-19.78;15.50;5.40
17:10:33;-18.10;-30.00;-29.99;17.40;-18.80;-18.10;-19.78;15.50;5.50
17:10:35;-18.10;-30.00;-30.00;17.40;-18.80;-18.10;-19.78;15.50;5.40
17:10:37;-18.10;-30.00;-29.97;17.40;-18.80;-18.10;-19.77;15.50;5.50
17:10:39;-18.10;-30.00;-29.98;17.40;-18.80;-18.10;-19.77;15.60;5.40
17:10:41;-18.10;-30.00;-29.99;17.40;-18.80;-18.10;-19.77;15.50;5.40
17:10:43;-18.10;-30.00;-29.97;17.40;-18.80;-18.10;-19.77;15.50;5.50
17:10:45;-18.10;-30.00;-30.00;17.40;-18.80;-18.10;-19.77;15.50;5.50
17:10:47;-18.10;-30.00;-30.01;17.40;-18.80;-18.10;-19.77;15.50;5.50
17:10:52;-18.10;-30.00;-30.02;17.40;-18.80;-18.10;-19.76;15.50;5.40
17:10:53;-18.10;-30.00;-30.00;17.40;-18.80;-18.10;-19.77;15.50;5.50
17:10:55;-18.10;-30.00;-30.00;17.40;-18.80;-18.10;-19.77;15.50;5.50
17:10:57;-18.10;-30.00;-30.01;17.40;-18.80;-18.10;-19.77;15.50;5.50
17:10:59;-18.10;-30.00;-30.01;17.40;-18.80;-18.10;-19.77;15.50;5.50
17:11:01;-18.10;-30.00;-30.01;17.40;-18.80;-18.10;-19.78;15.50;5.40
17:11:03;-18.10;-30.00;-30.02;17.40;-18.80;-18.10;-19.78;15.50;5.40
17:11:05;-18.10;-30.00;-30.03;17.40;-18.80;-18.10;-19.77;15.50;5.50
17:11:07;-18.10;-30.00;-30.02;17.40;-18.80;-18.10;-19.78;15.50;5.50
17:11:09;-18.10;-30.00;-30.02;17.40;-18.80;-18.10;-19.78;15.50;5.50
17:11:11;-18.10;-30.00;-30.01;17.40;-18.80;-18.10;-19.78;15.50;5.50
17:11:13;-18.10;-30.00;-29.99;17.40;-18.80;-18.10;-19.78;15.50;5.50
17:11:15;-18.10;-30.00;-29.98;17.40;-18.80;-18.10;-19.77;15.50;5.40
17:11:17;-18.10;-30.00;-29.98;17.40;-18.80;-18.10;-19.77;15.40;5.40
17:11:19;-18.10;-30.00;-30.00;17.40;-18.80;-18.10;-19.77;15.50;5.50
17:11:21;-18.10;-30.00;-29.99;17.40;-18.80;-18.10;-19.77;15.50;5.50
17:11:23;-18.10;-30.00;-30.00;17.40;-18.80;-18.10;-19.77;15.40;5.40
17:11:25;-18.10;-30.00;-30.01;17.40;-18.80;-18.10;-19.77;15.50;5.50
17:11:27;-18.10;-30.00;-30.00;17.40;-18.80;-18.10;-19.77;15.50;5.50
17:11:29;-18.10;-30.00;-30.00;17.40;-18.80;-18.10;-19.78;15.50;5.50
17:11:31;-18.10;-30.00;-30.00;17.40;-18.80;-18.10;-19.78;15.50;5.50
17:11:34;-18.10;-30.00;-30.01;17.40;-18.80;-18.10;-19.78;15.50;5.40
17:11:35;-18.10;-30.00;-30.00;17.40;-18.80;-18.10;-19.79;15.40;5.40
17:11:37;-18.10;-30.00;-29.99;17.40;-18.80;-18.10;-19.78;15.40;5.50
17:11:40;-18.10;-30.00;-30.00;17.40;-18.80;-18.10;-19.78;15.40;5.50
17:11:41;-18.10;-30.00;-29.99;17.40;-18.80;-18.10;-19.78;15.40;5.40
17:11:44;-18.10;-30.00;-30.00;17.40;-18.80;-18.10;-19.78;15.40;5.40
17:11:45;-18.10;-30.00;-30.01;17.40;-18.80;-18.10;-19.78;15.50;5.40
17:11:47;-18.10;-30.00;-30.01;17.40;-18.80;-18.10;-19.79;15.40;5.40
17:11:50;-18.10;-30.00;-30.02;17.40;-18.80;-18.10;-19.78;15.50;5.50
17:11:51;-18.10;-30.00;-30.00;17.40;-18.80;-18.10;-19.79;15.40;5.50
17:11:53;-18.10;-30.00;-30.00;17.40;-18.80;-18.10;-19.79;15.50;5.50
17:11:56;-18.10;-30.00;-30.01;17.40;-18.80;-18.10;-19.78;15.40;5.50
17:11:57;-18.10;-30.00;-30.00;17.40;-18.80;-18.10;-19.79;15.40;5.50
17:12:00;-18.10;-30.00;-29.97;17.40;-18.80;-18.10;-19.78;15.40;5.50
17:12:01;-18.10;-30.00;-30.00;17.40;-18.80;-18.10;-19.78;15.40;5.40
17:12:03;-18.10;-30.00;-30.02;17.40;-18.80;-18.10;-19.78;15.50;5.50
17:12:06;-18.10;-30.00;-30.01;17.40;-18.80;-18.10;-19.79;15.50;5.40
17:12:08;-18.10;-30.00;-30.00;17.40;-18.80;-18.10;-19.78;15.50;5.50
17:12:10;-18.10;-30.00;-30.01;17.40;-18.80;-18.10;-19.78;15.50;5.40
17:12:12;-18.10;-30.00;-30.00;17.40;-18.80;-18.10;-19.78;15.40;5.50
17:12:14;-18.10;-30.00;-30.01;17.40;-18.80;-18.10;-19.79;15.40;5.40
17:12:16;-18.10;-30.00;-30.02;17.40;-18.80;-18.10;-19.79;15.40;5.50
17:12:18;-18.10;-30.00;-30.01;17.40;-18.80;-18.10;-19.80;15.40;5.40
17:12:20;-18.10;-30.00;-30.00;17.30;-18.80;-18.10;-19.79;15.40;5.40
17:12:22;-18.10;-30.00;-29.98;17.40;-18.80;-18.10;-19.80;15.40;5.50
17:12:24;-18.10;-30.00;-29.98;17.40;-18.80;-18.10;-19.80;15.50;5.40
17:12:26;-18.10;-30.00;-29.99;17.40;-18.80;-18.10;-19.79;15.40;5.50
17:12:28;-18.10;-30.00;-30.01;17.40;-18.80;-18.10;-19.79;15.40;5.50
17:12:30;-18.10;-30.00;-30.00;17.30;-18.80;-18.10;-19.80;15.40;5.40
17:12:32;-18.10;-30.00;-30.00;17.40;-18.80;-18.10;-19.79;15.40;5.50
17:12:34;-18.10;-30.00;-30.02;17.40;-18.80;-18.10;-19.80;15.40;5.50
17:12:36;-18.10;-30.00;-30.03;17.40;-18.80;-18.10;-19.79;15.40;5.40
17:12:38;-18.10;-30.00;-30.03;17.40;-18.80;-18.10;-19.80;15.40;5.40
17:12:40;-18.10;-30.00;-30.02;17.40;-18.80;-18.10;-19.80;15.40;5.40
17:12:42;-18.10;-30.00;-30.02;17.40;-18.80;-18.10;-19.79;15.40;5.50
17:12:44;-18.10;-30.00;-30.02;17.40;-18.80;-18.10;-19.79;15.40;5.40
17:12:46;-18.10;-30.00;-30.00;17.30;-18.90;-18.10;-19.80;15.40;5.50
17:12:48;-18.10;-30.00;-30.01;17.30;-18.90;-18.10;-19.79;15.40;5.50
17:12:50;-18.10;-30.00;-29.99;17.30;-18.90;-18.10;-19.80;15.40;5.50
17:12:52;-18.10;-30.00;-29.99;17.40;-18.80;-18.10;-19.80;15.30;5.50
17:12:54;-18.10;-30.00;-30.00;17.40;-18.80;-18.10;-19.80;15.40;5.40
17:12:56;-18.10;-30.00;-30.01;17.30;-18.80;-18.10;-19.80;15.40;5.40
17:12:58;-18.10;-30.00;-29.99;17.30;-18.80;-18.10;-19.79;15.40;5.40
17:13:00;-18.10;-30.00;-30.00;17.30;-18.80;-18.10;-19.79;15.40;5.40
17:13:02;-18.10;-30.00;-30.00;17.30;-18.80;-18.10;-19.79;15.40;5.40
17:13:04;-18.10;-30.00;-29.99;17.40;-18.80;-18.10;-19.79;15.40;5.40
17:13:06;-18.10;-30.00;-29.99;17.30;-18.80;-18.10;-19.79;15.40;5.50
17:13:08;-18.10;-30.00;-29.99;17.30;-18.80;-18.10;-19.80;15.40;5.50
17:13:10;-18.10;-30.00;-29.97;17.40;-18.80;-18.10;-19.80;15.40;5.40
17:13:12;-18.10;-30.00;-29.96;17.30;-18.80;-18.10;-19.80;15.40;5.40
17:13:14;-18.10;-30.00;-29.99;17.30;-18.80;-18.10;-19.79;15.40;5.40
17:13:16;-18.10;-30.00;-30.01;17.30;-18.80;-18.10;-19.78;15.40;5.50
17:13:18;-18.10;-30.00;-30.02;17.30;-18.80;-18.10;-19.78;15.50;5.40
17:13:20;-18.10;-30.00;-30.02;17.30;-18.80;-18.10;-19.78;15.50;5.50
17:13:22;-18.10;-30.00;-30.02;17.40;-18.80;-18.10;-19.79;15.40;5.40
17:13:24;-18.10;-30.00;-30.01;17.30;-18.80;-18.10;-19.79;15.50;5.40
17:13:26;-18.10;-30.00;-30.02;17.30;-18.80;-18.10;-19.78;15.40;5.50
17:13:28;-18.10;-30.00;-30.03;17.30;-18.80;-18.10;-19.78;15.40;5.50
17:13:30;-18.10;-30.00;-29.99;17.30;-18.80;-18.10;-19.78;15.40;5.50
17:13:32;-18.10;-30.00;-29.99;17.40;-18.80;-18.10;-19.79;15.40;5.40
17:13:34;-18.10;-30.00;-30.00;17.30;-18.90;-18.10;-19.79;15.50;5.50
17:13:36;-18.10;-30.00;-30.01;17.30;-18.80;-18.10;-19.79;15.40;5.50
17:13:38;-18.10;-30.00;-30.00;17.30;-18.80;-18.10;-19.78;15.50;5.50
17:13:40;-18.10;-30.00;-29.98;17.30;-18.80;-18.10;-19.79;15.50;5.40
17:13:42;-18.10;-30.00;-29.97;17.30;-18.80;-18.10;-19.79;15.50;5.50
17:13:44;-18.10;-30.00;-29.99;17.30;-18.80;-18.10;-19.80;15.50;5.40
17:13:46;-18.10;-30.00;-29.99;17.30;-18.80;-18.10;-19.79;15.50;5.50
17:13:48;-18.10;-30.00;-29.99;17.30;-18.80;-18.10;-19.79;15.40;5.50
17:13:50;-18.10;-30.00;-30.00;17.30;-18.80;-18.10;-19.79;15.50;5.40
17:13:52;-18.10;-30.00;-30.01;17.30;-18.80;-18.10;-19.79;15.50;5.40
17:13:54;-18.10;-30.00;-30.02;17.30;-18.80;-18.10;-19.79;15.50;5.40
17:13:56;-18.10;-30.00;-29.99;17.30;-18.80;-18.10;-19.78;15.50;5.50
17:13:58;-18.10;-30.00;-30.00;17.30;-18.80;-18.10;-19.78;15.50;5.50
17:14:00;-18.10;-30.00;-30.00;17.30;-18.80;-18.10;-19.78;15.50;5.50
17:14:02;-18.10;-30.00;-29.99;17.30;-18.80;-18.10;-19.78;15.50;5.50
17:14:04;-18.10;-30.00;-29.98;17.30;-18.80;-18.10;-19.79;15.50;5.40
17:14:06;-18.10;-30.00;-30.00;17.30;-18.80;-18.10;-19.78;15.50;5.50
17:14:08;-18.10;-30.00;-30.02;17.30;-18.80;-18.10;-19.78;15.50;5.40
17:14:13;-18.10;-30.00;-30.02;17.30;-18.80;-18.10;-19.77;15.50;5.50
17:14:14;-18.10;-30.00;-30.02;17.30;-18.80;-18.10;-19.78;15.50;5.50
17:14:16;-18.10;-30.00;-30.01;17.30;-18.80;-18.10;-19.78;15.50;5.40
17:14:18;-18.10;-30.00;-30.01;17.30;-18.80;-18.10;-19.78;15.40;5.50
17:14:20;-18.10;-30.00;-30.00;17.30;-18.90;-18.10;-19.78;15.50;5.50
17:14:22;-18.10;-30.00;-30.00;17.30;-18.90;-18.10;-19.79;15.50;5.40
17:14:24;-18.10;-30.00;-30.01;17.30;-18.90;-18.10;-19.79;15.50;5.50
17:14:26;-18.10;-30.00;-30.01;17.30;-18.80;-18.10;-19.78;15.50;5.40
17:14:28;-18.10;-30.00;-30.00;17.30;-18.80;-18.10;-19.79;15.40;5.40
17:14:30;-18.10;-30.00;-30.00;17.30;-18.80;-18.10;-19.78;15.40;5.40
